CHR SNP BP P_logit P_clogit
15 rs17492912 96045821 0.4756 0.295727443977815
15 rs16975275 96046556 0.1186 0.267288606417784
15 rs8027583 96047157 0.3516 0.45709980789151
15 rs11073433 96047481 0.3192 0.286182013873505
15 rs79086058 96047506 0.9795 0.608123169638606
15 rs72764015 96047877 0.3197 0.284910421356294
15 . 96048770 0.8335 0.849471582435203
15 . 96048770 0.8335 0.607833021330004
15 . 96048770 0.8335 9.50691192436182e-10
15 . 96048770 0.8335 0.740439999439664
15 . 96048770 0.8335 0.502481127976248
15 . 96048770 0.8335 0.575706411149215
15 . 96048770 0.8335 0.599370739701454
15 . 96194569 0.4889 0.849471582435203
15 . 96194569 0.4889 0.607833021330004
15 . 96194569 0.4889 9.50691192436182e-10
15 . 96194569 0.4889 0.740439999439664
15 . 96194569 0.4889 0.502481127976248
15 . 96194569 0.4889 0.575706411149215
15 . 96194569 0.4889 0.599370739701454
15 . 96175733 1.521e-07 0.849471582435203
15 . 96175733 1.521e-07 0.607833021330004
15 . 96175733 1.521e-07 9.50691192436182e-10
15 . 96175733 1.521e-07 0.740439999439664
15 . 96175733 1.521e-07 0.502481127976248
15 . 96175733 1.521e-07 0.575706411149215
15 . 96175733 1.521e-07 0.599370739701454
15 . 96106165 0.8468 0.849471582435203
15 . 96106165 0.8468 0.607833021330004
15 . 96106165 0.8468 9.50691192436182e-10
15 . 96106165 0.8468 0.740439999439664
15 . 96106165 0.8468 0.502481127976248
15 . 96106165 0.8468 0.575706411149215
15 . 96106165 0.8468 0.599370739701454
15 . 96207757 0.928 0.849471582435203
15 . 96207757 0.928 0.607833021330004
15 . 96207757 0.928 9.50691192436182e-10
15 . 96207757 0.928 0.740439999439664
15 . 96207757 0.928 0.502481127976248
15 . 96207757 0.928 0.575706411149215
15 . 96207757 0.928 0.599370739701454
15 . 96163230 0.8872 0.849471582435203
15 . 96163230 0.8872 0.607833021330004
15 . 96163230 0.8872 9.50691192436182e-10
15 . 96163230 0.8872 0.740439999439664
15 . 96163230 0.8872 0.502481127976248
15 . 96163230 0.8872 0.575706411149215
15 . 96163230 0.8872 0.599370739701454
15 . 96170245 0.8457 0.849471582435203
15 . 96170245 0.8457 0.607833021330004
15 . 96170245 0.8457 9.50691192436182e-10
15 . 96170245 0.8457 0.740439999439664
15 . 96170245 0.8457 0.502481127976248
15 . 96170245 0.8457 0.575706411149215
15 . 96170245 0.8457 0.599370739701454
15 rs8039277 96049277 0.5539 0.627912222614337
15 rs17493093 96049676 0.844 0.634435102267576
15 rs112956900 96050457 0.8607 0.545025853690599
15 rs12905127 96050578 0.6727 0.380313514384903
15 rs1946310 96050882 0.4846 0.351782460953716
15 rs1946309 96051072 0.7002 0.346063086899953
15 rs71396816 96051163 0.8937 0.728242507458734
15 rs75473177 96051209 0.895 0.618277935422359
15 rs112054370 96051723 0.7809 0.772112509014525
15 rs4984583 96052346 0.2418 0.110129253896461
15 rs4984584 96052409 0.2549 0.123958429601912
15 rs933771 96052484 0.1069 0.15722548040209
15 rs4984585 96052500 0.2229 0.109830347898288
15 rs4984586 96052502 0.2229 0.109830347898288
15 rs4984587 96052571 0.2501 0.123326050964206
15 rs933770 96052722 0.9278 0.625811751714668
15 rs933769 96052742 0.9278 0.625811751714668
15 rs8043106 96053187 0.2501 0.123326050964206
15 rs8043297 96053360 0.2501 0.123326050964206
15 rs8026212 96053612 0.9997 0.576885845609612
15 rs4984588 96054006 0.01172 0.0397134364334388
15 rs4566105 96054575 0.03009 0.0535042665059945
15 rs3909565 96057981 0.02004 0.0451020700580511
15 rs7163270 96058628 0.04156 0.19468069629387
15 rs11638098 96060990 0.02053 0.171557514634318
15 rs9920980 96062037 0.8252 0.702627432556081
15 rs9920471 96063649 0.01645 0.153476016333959
15 rs17493567 96063919 0.002867 0.0346571778597933
15 rs12438354 96065181 0.01888 0.162013221094206
15 rs11073434 96066372 0.01902 0.179091346729718
15 rs28534735 96067085 0.01902 0.179091346729718
15 rs28780987 96067167 0.01893 0.162011410358913
15 rs8041541 96067405 0.9264 0.353853677264299
15 rs8042728 96067431 0.9522 0.369654637956881
15 rs8025539 96067665 0.006905 0.00430184709594161
15 rs12906745 96069268 0.0314 0.118789001497704
15 rs6496113 96069553 0.811 0.731621056431563
15 rs56255068 96070236 0.00888 0.00894650561328314
15 rs12101666 96070287 0.8331 0.757566800238286
15 rs7183903 96070786 0.03393 0.100027061032371
15 rs6496116 96070953 0.8166 0.783789684823198
15 rs7167594 96071821 0.6372 0.253403680161065
15 rs78719300 96072908 0.6055 0.297713918310567
15 rs6496117 96073028 0.8542 0.730398902407734
15 rs1834213 96073547 0.8866 0.968950268534004
15 rs1424749 96073608 0.04447 0.056598613050008
15 rs79769607 96073889 0.04556 0.0511909176499213
15 rs16975304 96074814 0.05723 0.0615884776542228
15 rs12594906 96074842 0.7043 0.782538740641553
15 rs1834212 96075553 0.4026 0.817812977794596
15 rs62019017 96076121 0.7559 0.952303183065001
15 rs11073435 96076382 0.8766 0.657739760507792
15 rs16975307 96076459 0.7275 0.92799249629312
15 rs7168184 96077358 0.7857 0.760490592504825
15 rs72764027 96077835 0.7386 0.642635620539391
15 rs7172490 96077999 0.7976 0.761200636717069
15 rs6496118 96078276 0.61 0.83383438686732
15 rs8038035 96078617 0.8039 0.740053370093822
15 rs8038478 96078739 0.6172 0.832995634956048
15 rs56205209 96081065 0.6978 0.679180061452424
15 rs8030311 96081263 0.772 0.700439862199047
15 rs6496119 96081400 0.7816 0.700439800352278
15 rs6496120 96081432 0.8489 0.621390823922145
15 rs7176661 96081909 0.6155 0.890787758776586
15 rs16975310 96082894 0.8831 0.620167309765672
15 rs7182837 96082922 0.9399 0.61836582206543
15 rs77287639 96083032 0.63 0.287000753830003
15 rs7182145 96083320 0.9439 0.708176727210192
15 rs7182594 96083340 0.9573 0.645044885549029
15 rs7183753 96083373 0.9284 0.739342027119184
15 rs60873165 96083666 0.5722 0.264985647731553
15 rs12902623 96084001 0.4129 0.692711598484355
15 rs12901369 96084008 0.4241 0.715523748393979
15 rs12898223 96085298 0.5458 0.63688516577453
15 rs12917276 96085351 0.9731 0.763660632622174
15 rs12904124 96086080 0.3345 0.413904038496416
15 rs7180301 96087528 0.9018 0.685635284447283
15 rs8024590 96088775 0.5706 0.247790712815227
15 rs59433724 96088776 0.4045 0.410340284692379
15 rs12438417 96089577 0.8631 0.729051027923292
15 rs9672499 96089781 0.8631 0.729051027923292
15 rs9302333 96090152 0.7474 0.712898856086325
15 rs8036454 96090745 0.71 0.85238517035295
15 rs2161937 96091665 0.328 0.377450904015461
15 rs7182098 96091767 0.1318 0.0937827303395469
15 rs12916488 96091988 0.9989 0.832829963740211
15 rs8042345 96092029 0.2906 0.855399374758037
15 rs8042681 96092276 0.2689 0.609278931861831
15 rs56383078 96092442 0.4736 0.817488631373007
15 rs17578995 96092607 0.4736 0.817488631373007
15 rs1834210 96092732 0.4977 0.378993638994491
15 rs10852038 96093061 0.3412 0.97596836244128
15 rs1968285 96093110 0.4689 0.484527089709451
15 rs7167449 96093373 0.321 0.750643352482368
15 rs17501032 96093765 0.4479 0.817488631373007
15 rs17501060 96093927 0.4736 0.869067872582887
15 rs60128139 96094552 0.4416 0.817097669044833
15 rs60887434 96094553 0.4416 0.817097669044833
15 rs1968284 96094707 0.2826 0.751444312542703
15 rs62019018 96095240 0.4428 0.842686805242168
15 rs12904391 96095245 0.687 0.788729155460573
15 rs11073437 96095263 0.4118 0.951606426551624
15 rs62019020 96096190 0.6075 0.675733309842819
15 rs117354036 96096507 0.0674 0.0472877062480034
15 rs1834209 96096538 0.6115 0.655181926014034
15 rs1834208 96096774 0.625 0.692106261725994
15 rs7181087 96096905 0.2769 0.607831863977687
15 rs7163825 96097487 0.3808 0.903479724367119
15 rs12901479 96097691 0.8072 0.883486459953609
15 rs12900647 96097702 0.8072 0.883486459953609
15 rs117728441 96097827 0.0674 0.0472877062480034
15 rs8025840 96097891 0.1355 0.457437925358247
15 rs4984592 96098150 0.6093 0.586149975355927
15 rs11635339 96098439 0.3748 0.879405990114428
15 rs28454899 96098633 0.1168 0.54224134247271
15 rs1469195 96098700 0.1048 0.521003764977392
15 rs1469194 96098893 0.6261 0.586149975355927
15 rs4984593 96099038 0.3808 0.903479724367119
15 rs10163003 96099644 0.1727 0.220589590172768
15 rs3887106 96099863 0.6132 0.563829206513136
15 rs55791406 96100064 0.3029 0.797496045936091
15 rs7183500 96100923 0.009882 0.00674625285583264
15 rs7183672 96101018 0.009144 0.00417574702042034
15 rs111230478 96101097 0.249 0.150139110146022
15 rs6496121 96101497 0.02207 0.0165283674170803
15 rs56306374 96101675 0.9992 0.687170573866915
15 rs16975347 96102229 0.004764 0.0207465734470191
15 rs2397803 96103776 0.008181 0.00644081857306711
15 rs28450256 96104176 0.008566 0.00606759092090159
15 rs7180946 96104344 0.008566 0.00606759092090159
15 rs6496123 96104466 0.008566 0.00606759092090159
15 rs7175326 96104620 0.009625 0.0177286713719353
15 rs6496124 96104868 0.007309 0.0184640526726475
15 rs1965039 96105312 0.0004119 0.00462243132805595
15 rs74032182 96105891 0.828 0.740439999439664
15 rs1344583 96106002 8.697e-05 0.00141198696761824
15 rs16973975 96106388 0.8468 0.740439999439664
15 rs2068885 96106897 0.6974 0.380542742897688
15 rs55870607 96107467 0.905 0.685571513067594
15 rs56245180 96108137 0.7088 0.399290301372786
15 rs878218 96108321 0.7088 0.399290301372786
15 rs10520787 96108853 0.6939 0.379369246628209
15 rs1109067 96109302 0.6939 0.379369246628209
15 rs4258562 96109479 0.001975 0.0185321879095692
15 rs12591976 96110873 0.821 0.768095335333783
15 rs73468494 96111087 0.821 0.768095335333783
15 rs9920323 96111358 0.01372 0.0948633553440913
15 rs4435206 96112293 0.9009 0.573596029539297
15 rs2894955 96112322 0.01147 0.0208474678281013
15 rs2397807 96112869 0.006661 0.0379382999070141
15 rs4398063 96113201 0.9149 0.548406132447646
15 rs9920970 96113375 0.004501 0.0326189050753642
15 rs4622463 96113399 0.03419 0.0401259848316462
15 rs9920941 96113402 0.004501 0.0326189050753642
15 rs7166462 96115506 0.03839 0.0426889332442724
15 rs60152723 96115509 0.6564 0.910980021013195
15 rs8033411 96116778 0.8353 0.5220180904737
15 rs4281666 96118458 0.7792 0.851363913388953
15 rs10468113 96118790 0.003945 0.00704899558482375
15 rs10468114 96118957 0.00501 0.00841782944465808
15 rs2397816 96119880 0.009826 0.027503341176456
15 rs77590396 96120424 0.2924 0.0876210769743464
15 rs2397817 96121435 0.0344 0.0739849380354154
15 rs16975363 96121835 0.01102 0.0729466834222005
15 rs8041896 96121944 0.1667 0.0476396730730865
15 rs7183306 96122249 0.3496 0.281411290103123
15 rs7183355 96122406 0.8917 0.682524207202528
15 rs7162331 96122435 0.9567 0.715603814848439
15 rs34956744 96123114 0.01022 0.0665041786863523
15 rs59395791 96123773 0.6046 0.286066738947215
15 rs11073438 96123978 0.01441 0.0328853896477129
15 rs2894959 96124292 0.01441 0.0328853896477129
15 rs12908170 96124299 0.00726 0.0594971104412341
15 rs2894960 96124446 0.04825 0.0953619600790823
15 rs2894961 96124593 0.01547 0.0352768475230574
15 rs2397818 96125196 0.01544 0.0309040384707567
15 rs17502085 96125226 0.7554 0.60134702376808
15 rs7174920 96125560 0.2614 0.0812490866555442
15 rs17580237 96125722 0.01605 0.0334514247861551
15 rs4447376 96126048 0.02772 0.0537713937871874
15 rs8035055 96126169 0.01649 0.029674927860458
15 rs10520788 96126414 0.3496 0.281411290103123
15 rs2397805 96126617 0.0114 0.0753839033383754
15 rs12440016 96127222 0.2582 0.258890851323677
15 rs2894956 96128107 0.02086 0.0366135464628999
15 rs4541025 96128202 0.02086 0.0366135464628999
15 rs2397813 96128507 0.02086 0.0366135464628999
15 rs8033720 96129419 0.02086 0.0366135464628999
15 rs8036968 96129776 0.02086 0.0366135464628999
15 rs8038452 96129945 0.01684 0.0358723870648329
15 rs8037839 96130331 0.02086 0.0366135464628999
15 rs8023513 96131251 0.02086 0.0366135464628999
15 rs8028198 96131597 0.02086 0.0366135464628999
15 rs8029103 96131610 0.03678 0.0554715756465511
15 rs8028726 96131960 0.01761 0.0409981008091638
15 rs8028895 96132016 0.03065 0.0711007208822879
15 rs73470657 96132055 0.2582 0.258890851323677
15 rs4575483 96132119 0.02086 0.0366135464628999
15 rs4984594 96132521 0.03741 0.0718130624842834
15 rs8039954 96133934 0.05766 0.115054902185136
15 rs6496125 96135977 0.01442 0.0242931714987352
15 rs17580697 96136319 0.9723 0.863992368843562
15 rs7178818 96136812 0.08249 0.0680839784398279
15 rs4563000 96137035 0.08249 0.0680839784398279
15 rs4580104 96137254 0.08249 0.0680839784398279
15 rs4581667 96137908 0.09373 0.0727104549773707
15 rs17502675 96138836 0.02545 0.0147976685264404
15 rs4381543 96138901 0.08433 0.0680839784398279
15 rs2397806 96139140 0.07778 0.0595584800085632
15 rs17580906 96139484 0.09083 0.0644142888919782
15 rs74032201 96139593 0.9883 0.810479105756137
15 rs7177936 96140324 0.2921 0.2836230823726
15 rs7177080 96140403 0.1022 0.0132430701965913
15 rs10520789 96141867 0.1175 0.527051904238515
15 rs57908571 96142831 0.0002482 0.000565144393703032
15 rs62020464 96143129 0.0002744 0.000623833727286471
15 rs41374846 96143559 1.892e-07 7.51132822607303e-10
15 rs59125351 96144157 6.326e-08 5.71672931215517e-10
15 rs8035562 96144966 0.1554 0.151490215694
15 rs8035878 96145098 0.0005755 2.59308846506379e-05
15 rs8034529 96145134 0.0001577 4.33015396072989e-06
15 rs8034831 96145224 0.0003502 1.32974043228762e-05
15 rs8036214 96145329 0.0002322 1.09590394553605e-05
15 rs8035311 96145331 0.0002322 1.09590394553605e-05
15 rs57338613 96145504 0.0002114 8.72575227761629e-06
15 rs8040034 96146026 0.0002114 8.72575227761629e-06
15 rs11858442 96146101 0.9215 0.96002251930057
15 rs17581137 96146414 8.537e-09 1.26269106281995e-10
15 rs10852039 96146684 0.0002018 5.57066304318621e-06
15 rs7165153 96147390 0.1474 0.168974580340245
15 rs6496126 96148439 2.088e-08 3.78880038454099e-10
15 rs2397810 96148765 1.95e-08 3.00022007237999e-10
15 rs7178971 96149349 0.0002097 7.92364200952189e-06
15 rs2397808 96150590 0.2732 0.268239217787528
15 rs62020466 96150704 0.8185 0.24245910161498
15 rs10520790 96151040 1.357e-07 1.56740598278304e-09
15 rs55804812 96151256 1.357e-07 1.56740598278304e-09
15 rs10520791 96151260 0.0001703 4.40885242514177e-06
15 rs10520792 96151914 0.2632 0.254823441995971
15 rs7175369 96152191 0.2732 0.268239217787528
15 rs62020467 96152785 0.2686 0.231733132245551
15 rs62020468 96152789 0.2686 0.231733132245551
15 rs62020469 96153077 0.1352 0.158334981459072
15 rs16975389 96153782 1.016e-07 7.76231190435794e-10
15 rs8025611 96154299 0.0001955 4.41332454459431e-06
15 rs12593086 96154502 0.8716 0.918068099112656
15 rs4321143 96156368 0.2646 0.268716800711967
15 rs4537968 96157365 0.0001955 4.41332454459431e-06
15 rs7162535 96158598 0.2703 0.268716800711967
15 rs16975396 96158705 2.127e-07 1.69797986782072e-09
15 rs7163129 96158885 0.2703 0.268716800711967
15 rs11073440 96158994 0.0002357 5.66991279316031e-06
15 rs4338745 96159270 0.0003092 9.89716255217488e-06
15 rs7164160 96159374 0.2703 0.268716800711967
15 rs7167725 96159761 0.0004111 1.28546093707271e-05
15 rs17503428 96160660 0.0003529 1.00596370227191e-05
15 rs62020470 96161065 0.2743 0.296026878439996
15 rs12595535 96161529 0.0003253 8.81613812020454e-06
15 rs12595580 96161716 0.9417 0.525342394188846
15 rs12593084 96161743 0.9417 0.525342394188846
15 rs62020471 96161851 0.9417 0.525342394188846
15 rs28673518 96162214 0.09983 0.537010977712909
15 rs16975408 96162426 0.09983 0.537010977712909
15 rs77619251 96163087 0.9586 0.394528269424987
15 rs7165521 96163140 0.8872 0.575706411149215
15 rs16973982 96163158 0.09983 0.537010977712909
15 rs7170179 96163512 0.8016 0.653414566304377
15 rs6496127 96164290 0.0002544 6.00490864333114e-06
15 rs7166949 96165292 0.8457 0.599370739701454
15 rs7173415 96165602 0.0002394 4.882542752771e-06
15 rs7173429 96165625 0.8457 0.599370739701454
15 rs11854008 96166262 0.7033 0.84069986143846
15 rs28552705 96166941 0.09983 0.537010977712909
15 rs7180862 96167216 0.8457 0.599370739701454
15 rs11855715 96167504 0.8457 0.599370739701454
15 rs11852492 96167544 0.8457 0.599370739701454
15 rs11855698 96167713 0.8457 0.599370739701454
15 rs4544201 96167827 1.199e-07 1.07459963150092e-09
15 rs4628911 96167905 1.199e-07 1.07459963150092e-09
15 rs6496128 96168303 1.199e-07 1.07459963150092e-09
15 rs74371750 96168342 0.7033 0.84069986143846
15 rs8029996 96168770 1.199e-07 1.07459963150092e-09
15 rs2397819 96169444 0.0001583 3.93385916619415e-06
15 rs2397820 96169461 0.0001737 4.01077584766263e-06
15 rs4551988 96169589 1.054e-07 9.62664503667554e-10
15 rs55790747 96169774 0.8457 0.599370739701454
15 rs74918319 96170043 0.7033 0.84069986143846
15 rs11857807 96170093 0.8457 0.599370739701454
15 rs11854566 96170189 0.0001303 2.54949000000337e-06
15 rs11857783 96170238 0.8457 0.599370739701454
15 rs10520794 96170479 0.0001583 3.93385916619415e-06
15 rs13329341 96170743 0.0001583 3.93385916619415e-06
15 rs58878263 96171069 1.731e-07 1.20491128186018e-09
15 rs62020505 96171074 0.08861 0.302169118459994
15 rs62020506 96171209 0.7369 0.881335565672716
15 rs13329454 96172316 0.1095 0.396638567242469
15 rs4561414 96172324 0.5985 0.758877943553206
15 rs13329139 96172443 0.06585 0.310075548491029
15 rs56084825 96173910 0.6683 0.940501904920139
15 rs62020508 96173918 0.9482 0.697681556000467
15 rs12101644 96174014 0.06585 0.310075548491029
15 rs12102186 96174104 0.06585 0.310075548491029
15 rs8039118 96174315 0.0001672 3.77018331276791e-06
15 rs8040665 96175692 1.714e-07 1.82449377827965e-09
15 rs8040298 96176048 0.0001573 2.3159239770365e-06
15 rs8040168 96176096 1.638e-07 9.50691192436182e-10
15 rs13379908 96176302 0.671 0.852586612662774
15 rs8025061 96176965 0.0002162 1.75435279914371e-06
15 rs17504029 96177670 1.251e-07 1.67670310968759e-09
15 rs16975446 96177806 0.0005567 7.62807910792418e-06
15 rs4433763 96178751 1.154e-08 3.21810467163175e-10
15 rs4321146 96178816 0.002188 3.13219671966847e-05
15 rs3996842 96178859 0.0006787 7.63567220019024e-06
15 rs2397804 96179023 0.001824 2.36419470734939e-05
15 rs2006950 96179390 1.509e-08 3.95745991532692e-10
15 rs76538797 96179966 0.6894 0.835277119191369
15 rs28508377 96180740 0.8727 0.653433935513455
15 rs62020509 96180749 0.05234 0.150066011328236
15 rs4622461 96180904 0.0001201 2.48851126771754e-06
15 rs4441220 96180919 0.0002133 9.04541607615883e-07
15 rs74739339 96181312 0.8643 0.742749247613739
15 rs17504257 96181415 0.005967 0.00169700395759631
15 rs12594678 96181725 0.07276 0.0272573845474015
15 rs11857370 96181903 0.8007 0.566295332148029
15 rs11073442 96181941 0.1236 0.0929998310695067
15 rs10852040 96182038 0.07775 0.0977502415070117
15 rs12594708 96182066 0.4822 0.582443079643757
15 rs10852041 96182130 0.0514 0.0435807606940317
15 rs117071511 96182345 0.605 0.292556195144211
15 rs7175422 96182369 0.06986 0.0438998639065431
15 rs7175594 96182422 0.03173 0.0296100899769647
15 rs11858211 96182770 0.07154 0.0909779912357969
15 rs7180731 96182863 0.0614 0.0381063993445115
15 rs11858239 96182866 0.07481 0.121889479608694
15 rs7179625 96183038 0.0777 0.0247450381741899
15 rs16975467 96183088 0.009507 0.00200413154481915
15 rs55849417 96183262 0.07923 0.130777537182075
15 rs16975468 96183468 0.009884 0.00253976378397724
15 rs4984595 96183699 0.06966 0.0210081217748014
15 rs11852498 96183947 0.06903 0.121408234923689
15 rs7163576 96184014 0.07734 0.0231253706672118
15 rs11073443 96184927 0.07734 0.0231253706672118
15 rs11073444 96185757 0.07054 0.0171710974348052
15 rs74938109 96185830 0.64 0.46884240267012
15 rs80229133 96186159 0.5055 0.675052688187558
15 rs7167258 96186367 0.07054 0.0171710974348052
15 rs62020510 96186414 0.003863 0.0129361636913058
15 rs72762608 96186432 0.01058 0.00170960883512949
15 rs62020511 96186526 0.004895 0.0164133552308531
15 rs7170613 96186597 0.1518 0.098355846347018
15 rs12906267 96186627 0.06047 0.102968457360801
15 rs12906005 96186731 0.06047 0.102968457360801
15 rs75235016 96186907 0.6823 0.46884240267012
15 rs17504636 96187805 0.7974 0.674457973641741
15 rs4288948 96188172 0.7975 0.703642104062089
15 rs1442417 96188185 0.08936 0.0204052167854751
15 rs77676004 96188236 0.6023 0.430997701317528
15 rs12232372 96188705 0.8111 0.775728548613238
15 rs76277421 96188739 0.5374 0.714485168815166
15 rs4984596 96188923 0.987 0.842432734984019
15 rs10520796 96189263 0.6253 0.917632568255344
15 rs62020512 96189302 0.1391 0.509443289429018
15 rs1807898 96189551 0.4249 0.648537969119523
15 rs1867046 96190454 0.5377 0.45418555147484
15 rs16975484 96190640 0.01458 0.00891697678110692
15 rs1442418 96190655 0.6695 0.665560044376443
15 rs1837919 96191535 0.1905 0.190201655270437
15 rs2397821 96191668 0.9988 0.686625187663615
15 rs16973991 96192346 0.4408 0.175262359784365
15 rs1867047 96192933 0.02423 0.0106134827582519
15 rs8026730 96193326 0.5049 0.647738063566364
15 rs11856883 96193585 0.02423 0.0106134827582519
15 rs11856428 96194845 0.02188 0.0381717453650245
15 rs8028739 96195106 0.4889 0.607833021330004
15 rs56215559 96195882 0.5051 0.226068230889797
15 rs7172984 96195993 0.6681 0.664774845286783
15 rs2397822 96196117 0.4889 0.607833021330004
15 rs7173276 96196394 0.8612 0.467805994610175
15 rs1372640 96196477 0.07643 0.140841245321399
15 rs1372641 96196533 0.02656 0.0136417029085122
15 rs11854710 96196672 0.01827 0.0273778913987505
15 rs11858381 96196885 0.4805 0.567617055388483
15 rs8040452 96197257 0.4805 0.567617055388483
15 rs17505133 96197755 0.0388 0.0168578273108037
15 rs78540225 96197790 0.02122 0.0325845697898663
15 rs72762615 96198701 0.6452 0.876725122569677
15 rs74940700 96198785 0.02122 0.0325845697898663
15 rs6496131 96198858 0.4805 0.567617055388483
15 rs8031294 96199000 0.4805 0.567617055388483
15 rs12904783 96199131 0.03391 0.0139339140497744
15 rs12906287 96199292 0.03391 0.0139339140497744
15 rs34367722 96199491 0.0388 0.0168578273108037
15 rs16975493 96199816 0.0388 0.0168578273108037
15 rs78619866 96200381 0.0201 0.0301603358520007
15 rs7176736 96200430 0.03908 0.237949143371485
15 rs7180933 96200523 0.4971 0.567300571140325
15 rs10520799 96201031 0.01624 0.0253008701921105
15 rs2397824 96202617 0.6386 0.622195607607426
15 rs12050622 96204578 0.03391 0.0139339140497744
15 rs4984451 96204987 0.6418 0.601867005342777
15 rs7174077 96205004 0.928 0.502481127976248
15 rs4984600 96205095 0.4544 0.419858396732827
15 rs16975509 96206099 0.928 0.502481127976248
15 rs7162867 96206572 0.6044 0.581527106626703
15 rs4984601 96207662 0.4549 0.510320437346067
15 rs79152916 96207959 0.6761 0.73890542738489
15 rs72764065 96209061 0.6452 0.876725122569677
15 rs76473426 96209147 0.01519 0.0233622352547411
15 rs11854579 96209354 0.5971 0.542425251522664
15 rs16975515 96209977 0.02459 0.0126587258913547
15 rs7183610 96210249 0.03686 0.0182668168021951
15 rs78918576 96210444 0.01519 0.0233622352547411
15 rs72764066 96211753 0.4702 0.810420223914059
15 rs7173883 96212333 0.6303 0.583421164907686
15 rs75139198 96213762 0.01676 0.028075412782119
15 rs28578320 96213772 0.005759 0.00342999780190889
15 rs7163373 96214040 0.644 0.623360258502264
15 rs113159970 96214230 0.05454 0.0600128565007106
15 rs72764069 96214749 0.6533 0.836576666865363
15 rs62020535 96214864 0.6888 0.301243340546755
15 rs56254316 96215084 0.6533 0.836576666865363
15 rs6650538 96215094 0.03464 0.0172041314590083
15 rs7164937 96216000 0.4944 0.587438276569801
15 rs1442416 96216140 0.6515 0.664774823826629
15 rs1442415 96216254 0.2973 0.105345415899354
15 rs1442414 96216286 0.6515 0.664774823826629
15 rs7167248 96216433 0.0374 0.0151251539512235
15 rs16975518 96217126 0.6533 0.836576666865363
15 rs72764070 96217622 0.6452 0.876725122569677
15 rs6496132 96217831 0.6625 0.973467664761993
15 rs11858005 96218026 0.01432 0.0150831421656099
15 rs11858038 96218059 0.01725 0.0235178396116684
15 rs12595226 96218175 0.873 0.91558358348071
15 rs7166920 96219503 0.6658 0.575680136315516
15 rs12910231 96221025 0.08546 0.292901689494963
15 rs13379752 96221226 0.06022 0.0602396718162993
15 rs1837920 96221632 0.7117 0.801850444487725
15 rs62020537 96222286 0.06022 0.0602396718162993
15 rs11856926 96223649 0.7564 0.750036904588316
15 rs62020538 96224013 0.06022 0.0602396718162993
15 rs12906447 96224270 0.7938 0.706773013503389
15 rs12906573 96224314 0.7684 0.890404850668796
15 rs115899894 96224552 0.05905 0.0561866508307196
15 rs7167125 96224785 0.7325 0.74590999470105
15 rs4247092 96225221 0.7564 0.750036904588316
15 rs72764075 96225579 0.05905 0.0561866508307196
15 rs12442082 96225850 0.6373 0.637389000248381
15 rs12438895 96226126 0.6693 0.850700843482776
15 rs11073446 96226294 0.6373 0.637389000248381
15 rs17584220 96227411 0.07326 0.284076887206514
15 rs12898856 96227920 0.7564 0.750036904588316
15 rs62020539 96228555 0.0663 0.0618969405314446
15 rs34559434 96229892 0.6728 0.596252898821144
15 rs36091441 96229965 0.7091 0.576340974177639
15 rs1992085 96230062 0.1773 0.128196931224555
15 rs72764079 96230394 0.8738 0.604251066620987
15 rs35544332 96230473 0.07326 0.284076887206514
15 rs35974115 96231079 0.07326 0.284076887206514
15 rs4984452 96233382 0.07326 0.284076887206514
15 rs17506039 96235169 0.06759 0.0663133179968016
15 rs17506074 96235366 0.2804 0.14619320436445
15 rs972265 96235577 0.756 0.536532452918424
15 rs71396825 96236915 0.07326 0.284076887206514
15 rs71396826 96236968 0.07326 0.284076887206514
15 rs35717415 96237165 0.07326 0.284076887206514
15 rs1442412 96237678 0.7391 0.555414478989913
15 15:96237962 96237962 0.1708 0.119074543880821
15 rs12594114 96238979 0.628 0.638959509740307
15 rs12903841 96239277 0.08184 0.255670817546921
15 rs12903641 96239445 0.08184 0.255670817546921
15 rs2575438 96239719 0.7183 0.781216188257048
15 rs11857435 96240051 0.4635 0.747913141006296
15 rs2584237 96241430 0.3186 0.565026600430852
15 rs12899483 96241595 0.08184 0.255670817546921
15 rs1822245 96242045 0.1793 0.549226324133367
15 rs71396827 96243636 0.08184 0.255670817546921
15 rs1822246 96245020 0.1469 0.373204908132567
15 rs1372636 96245189 0.3135 0.544738109769368
15 rs2397829 96245270 0.08184 0.255670817546921
15 rs2575439 96245493 0.3135 0.544738109769368
15 rs2584238 96246157 0.52 0.644097169808086
15 rs28670798 96248345 0.08344 0.268802303242556
15 rs2575440 96248629 0.3145 0.546571126138047
15 rs2012110 96250179 0.4402 0.900526259141853
15 rs1808893 96250840 0.5473 0.666926460964112
15 rs1442413 96252090 0.3135 0.544738109769368
15 rs17506333 96253243 0.08748 0.282795436841124
15 rs16975547 96255533 0.8016 0.42168447972565
15 rs2639189 96256562 0.3135 0.544738109769368
15 rs2575414 96256620 0.1541 0.488033704490555
15 rs2567447 96257243 0.7414 0.829132877632609
15 15:96257703 96257703 0.1199 0.319128245130236
15 rs16975552 96258945 0.8623 0.512696809422978
15 rs2639190 96259480 0.26 0.594220262302473
15 rs12907118 96260841 0.06743 0.170850326524376
15 rs2639191 96261890 0.6248 0.852125296266797
15 rs2567446 96263982 0.4767 0.387226514448995
15 rs1436442 96264887 0.2838 0.577895718510093
15 rs2575418 96265006 0.6912 0.512726042055936
15 rs140745482 96265559 0.9264 0.897281843990376
15 rs1369941 96265644 0.5672 0.460730338674174
15 rs1369942 96265985 0.5903 0.459556025015215
15 rs2567444 96266269 0.2818 0.556203047687506
15 rs7171424 96266446 0.02745 0.130070339208456
15 rs2584240 96267139 0.01246 0.00592582434206956
15 rs4984604 96267515 0.08795 0.174374205309871
15 rs2397970 96270194 0.07141 0.241406628913022
15 rs2584242 96271595 0.4425 0.711943053197099
15 rs2584243 96271908 0.4078 0.646276501314826
15 rs4984605 96272130 0.1491 0.234038211489757
15 rs35721827 96272716 0.1491 0.234038211489757
15 rs2567443 96273323 0.5737 0.47769789328468
15 rs2584244 96274556 0.2636 0.343052282835829
15 rs2567442 96275242 0.6594 0.780193808336131
15 rs2575433 96275457 0.5737 0.47769789328468
15 rs2567441 96275590 0.4425 0.711943053197099
15 rs2567440 96276516 0.7012 0.803902226084171
15 rs2639194 96276792 0.7012 0.803902226084171
15 rs2575432 96277393 0.5164 0.781012794401551
