GENE position p_LR p_CLR
rs11631169 94500801 0.9171 0.598699676087541
rs4344687 94501564 0.6662 0.44770823016543
rs11074242 94506861 0.1297 0.175612533845541
rs7163746 94509290 0.608 0.791419691882491
rs7168617 94509519 0.802 0.414461362614616
rs7176238 94509940 0.3081 0.632707065931241
rs7183260 94511955 0.9004 0.297509607210121
rs7183458 94512067 0.3968 0.616679816238561
rs7165775 94512853 0.2947 0.131569703451569
rs10852206 94514608 0.7652 0.451668298055976
rs4624118 94522459 0.4486 0.862605636728577
rs973410 94530152 0.9045 0.429265890201436
rs1479809 94530443 0.9684 0.230830501174913
rs12594893 94531089 0.4695 0.588619265817658
rs9806225 94533769 0.8545 0.262914574296499
rs17660046 94539456 0.9437 0.498396808600237
rs12898390 94540121 0.9659 0.168379576762965
rs6497151 94541768 0.5264 0.133453340764978
rs2170053 94542374 0.9474 0.487958284795569
rs7164948 94544090 0.3039 0.0530101617492859
rs6497152 94547516 0.5455 0.167092954907625
rs6497153 94547702 0.8949 0.474568643460309
rs13329526 94550594 0.3702 0.498271893357853
rs7181724 94551607 0.8181 0.395929713231501
rs6497154 94552989 0.4955 0.86350200595283
rs7173640 94555643 0.5694 0.57247910444693
rs7170711 94558881 0.9639 0.515768564817389
rs7183056 94561153 0.8051 0.909196208572602
rs16948636 94562799 0.5742 0.162969227795085
rs8037472 94563619 0.9816 0.314539621307399
rs7180590 94565232 0.6279 0.348588782160855
rs899609 94570578 0.7495 0.205902862568896
rs2054507 94574008 0.9957 0.750516533086588
rs2054508 94574082 0.6826 0.575936669720975
rs7164887 94574836 0.7164 0.573238299095716
rs7171889 94576182 0.9666 0.918918489234048
rs970375 94576329 0.8561 0.839088178414535
rs4492997 94576409 0.8963 0.747322285345663
rs6497156 94577033 0.7789 0.542692770500527
rs12101726 94581942 0.273 0.546269365523919
rs1600399 94582385 0.1381 0.0911327515016423
rs8042025 94590544 0.3444 0.138425169508072
rs12437942 94591032 0.2614 0.129887233516306
rs11638826 94595866 0.2185 0.149352519972232
rs1564391 94599575 0.08659 0.013856143718411
rs1531636 94603548 0.05911 0.0244902630923598
rs6497164 94616116 0.3278 0.148247937405167
rs8038994 94616233 0.2332 0.798083384749672
rs1479827 94616430 0.367 0.200533882994911
rs6497165 94616516 0.2083 0.649028174110149
rs1479828 94616734 0.01716 0.00596159434523057
rs8025255 94617964 0.02597 0.0214553857842719
rs4984407 94621401 0.002665 0.00552841411117929
rs10162909 94623215 0.07642 0.398842175534338
rs721184 94623816 0.2488 0.0705447169362154
rs4984357 94624369 0.7168 0.403842871475952
rs6497167 94625382 0.2105 0.57074200107017
rs8041151 94626455 0.1155 0.0833282505114728
rs922564 94627032 0.2422 0.494588108687463
rs11074249 94631340 0.2853 0.284308538283639
rs17628639 94638229 0.1928 0.110626407611372
rs8033102 94641681 0.2432 0.607832661114243
rs1479831 94644230 0.226 0.417031954586437
rs1479833 94650643 0.9111 0.909594058871637
rs2086329 94657373 0.4549 0.645301760128294
rs11855780 94658242 0.7139 0.784453967568428
rs1479834 94662189 0.5134 0.749427199438377
rs6497172 94663438 0.0509 0.135076744774846
rs8037813 94664817 0.463 0.350618875296784
rs1351308 94666925 0.1212 0.288790923523319
rs11631362 94668100 0.06423 0.0283635922166247
rs1904485 94668514 0.9638 0.788461403192432
rs7174567 94669167 0.8848 0.722506580342648
rs7166636 94670976 0.6154 0.649861502819855
rs12917164 94674058 0.1845 0.432547831140025
rs1479835 94675542 0.2957 0.462548804301871
rs1479836 94675611 0.7676 0.913863398002289
rs11636166 94675918 0.2932 0.148957899131988
rs1080341 94675998 0.2624 0.141563530969614
rs2219854 94679103 0.3038 0.444187044910346
rs1001049 94682435 0.1829 0.0292934689955113
rs16948760 94701431 0.2937 0.298322322789827
rs2605119 94702512 0.04957 0.00804908159015533
rs1350092 94704086 0.277 0.259531088767781
rs1378596 94704198 0.9425 0.174979429533524
rs12903867 94706833 0.5332 0.747114112356991
rs897461 94709905 0.8854 0.924419812815599
rs7178035 94711951 0.64 0.861227139611549
rs12912605 94712114 0.1351 0.104100519656033
rs7164241 94721532 0.06974 0.126183941712625
rs11854643 94726315 0.04428 0.12813744682944
rs10162968 94728892 0.08008 0.0210602506543581
rs2085265 94729657 0.1952 0.0489571684931586
rs1598490 94735128 0.6782 0.221191587751199
rs12441824 94738631 0.8437 0.346107976661242
rs6497177 94741598 0.3739 0.233760416120303
rs2892541 94743494 0.779 0.715295149406859
rs12593283 94743771 0.9612 0.908073165637479
rs16948786 94748653 0.06564 0.00437600295951665
rs1031563 94748728 0.7121 0.78497470814369
rs958692 94755158 0.1403 0.198438135864024
rs7495864 94755230 0.1661 0.275240792186306
rs1350091 94756829 0.129 0.209873804883866
rs1378593 94763672 0.8084 0.896708392262562
rs7172568 94767886 0.7686 0.416010885244473
rs1378592 94769143 0.01621 0.0618134012894451
rs1350090 94773470 0.808 0.874987168626412
rs12917121 94773986 0.9892 0.845121017744803
rs8034119 94776930 0.5519 0.339132602659892
rs11635007 94780241 0.803 0.659805709144355
rs768400 94790863 0.4924 0.740052780723455
rs1455762 94798330 0.445 0.224140067149892
rs1378591 94799751 0.2464 0.214966267105617
rs6497186 94802718 0.1569 0.665254539690368
rs1563365 94803445 0.1085 0.153386110338832
rs1563363 94814873 0.6989 0.315990405595486
rs12904449 94815970 0.8255 0.258679271568624
rs8025498 94818923 0.9815 0.285071712359239
rs4984343 94828466 0.04042 0.143222927943285
rs7176568 94838581 0.7673 0.776933391075617
rs6497196 94838829 0.4333 0.909488853435351
rs7402365 94840523 0.3464 0.830787422746288
rs921845 94841284 0.5259 0.866142081697594
rs921844 94844406 0.2053 0.371444236588203
rs1347277 94845398 0.7141 0.999999999999996
rs294547 94846759 0.1336 0.35690175291341
rs294545 94848183 0.3803 0.392971714728635
rs11634645 94850304 0.4109 0.869489120418533
rs16948898 94851393 0.06508 0.410581699342233
rs294538 94852515 0.1323 0.504088280640464
rs12914270 94852699 0.5461 0.838628794375693
rs10520746 94852720 0.06837 0.440751233885383
rs184151 94853872 0.1554 0.214471892547092
rs294558 94855976 0.005273 0.0236354594525102
rs294551 94858291 0.07266 0.0969490834963084
rs1655455 94858686 0.06183 0.088653359755704
rs12101974 94858889 0.1061 0.130273020845629
rs8024196 94858980 0.08946 0.10213296640857
rs7176196 94861302 0.9981 0.934708176856379
rs7178199 94861317 0.9603 0.934817207898822
rs11634227 94861840 0.212 0.220906109523365
rs7173222 94863286 0.2571 0.10111988838661
rs12441544 94865219 0.9943 0.388610012094231
rs1433944 94866227 0.8736 0.674084787709195
rs1433943 94866380 0.08224 0.217135101544736
rs16948931 94870828 0.07848 0.0360785150003282
rs10520748 94876580 0.1734 0.191721089273476
rs12911160 94878473 0.2435 0.258248828829981
rs4984381 94880611 0.1305 0.188437422113223
rs4984382 94882509 0.4117 0.641409419630864
rs3743307 94884980 0.3967 0.425972258429827
rs11634659 94887670 0.5577 0.967489695225428
rs11637617 94890010 0.07399 0.137207662705627
rs12910914 94890361 0.9048 0.565076846057662
rs16948984 94894084 0.7047 0.34917646129014
rs1978748 94895553 0.821 0.856024257044362
rs3809554 94898446 0.04454 0.0181449414651251
rs3784659 94899551 0.03146 0.0446621949996218
rs16949009 94901233 0.7685 0.424111588514007
rs7171661 94907062 0.8763 0.685579504732134
rs10520749 94907688 0.01552 0.0168581750362266
rs1036304 94908380 0.04703 0.060715024378553
rs12440504 94910368 0.5617 0.586359724589277
rs16949023 94910553 0.02866 0.0352693399941175
rs12909356 94912330 0.2164 0.623723003107561
rs3784654 94912984 0.157 0.231047925973688
rs17630733 94914241 0.0008485 0.00185639439629745
rs9972368 94915592 0.03313 0.0474084057456469
rs12594014 94916384 0.09884 0.183561037062233
rs8025603 94919347 0.1164 0.145712748635165
rs4984387 94919980 0.001173 0.00509195839200424
rs16949054 94920658 0.0004127 0.00249803664375158
rs16974359 94922697 0.8212 0.707973098920113
rs3784651 94925273 0.7742 0.724223260632275
rs8042022 94929705 0.4633 0.916716847554263
rs1991897 94931418 0.3802 0.950406027590393
rs3784650 94932855 0.4577 0.816158327266657
rs16949076 94935064 0.9329 0.521100239966465
rs11633291 94937370 0.36 0.95531544424539
rs2117214 94941949 0.715 0.818550711608358
rs2289009 94942497 0.4566 0.976330614998183
rs7178698 94945719 0.2326 0.885678172208053
rs3784649 94946739 0.7919 0.691322956376324
rs1529779 94947163 0.4405 0.683139049003634
rs10520753 94948706 0.5073 0.93957069146599
rs8027043 94949710 0.3978 0.735204085926325
rs11638258 94953028 0.4883 0.457021140906346
rs8037281 94956921 0.154 0.376608598744922
rs11074275 94957502 0.4531 0.143028738595011
rs17549295 94959216 0.5976 0.384466388019008
rs10520754 94959409 0.2939 0.14795049530421
rs1368839 94960355 0.8121 0.5482955247326
rs7176028 94961245 0.774 0.68704936861759
rs17662635 94962892 0.8781 0.650333249904063
rs17662665 94965953 0.9657 0.491409684023843
rs1000737 94968043 0.1045 0.25167922032768
rs1433939 94968219 0.6341 0.385103717886735
rs11629840 94977176 0.5202 0.552436308004602
rs2289008 94983269 0.9521 1
rs2570594 94988840 0.4567 0.311886990664772
rs3784641 94989511 0.3548 0.578070920557284
rs293577 94993371 0.4975 0.642517175317065
rs2304294 95001206 0.8543 0.999999999999999
rs11074280 95013193 0.3456 0.75764647220981
rs1424695 95014655 0.792 0.888070612232675
rs2839734 95024344 0.4627 0.332831585877923
rs12440436 95028031 0.06549 0.127741962224768
rs7177819 95048523 0.9006 0.72437716237219
rs8028606 95056294 0.8598 0.606983080514808
rs7173161 95057011 0.8457 0.586518623727467
rs1424705 95062054 0.9855 0.884394915714904
rs12907709 95064074 0.5121 0.878061391816128
rs17662989 95070179 0.7218 0.112214366362612
rs2388814 95073455 0.5972 0.725983649276507
rs8036091 95075375 0.8735 0.420129213699977
rs11633702 95075565 0.9737 0.334203509694238
rs12439135 95081834 0.02897 0.05389566965405
rs12439138 95081853 0.9032 0.816507073105888
rs7182411 95084911 0.8729 0.410410472885963
rs7161761 95085074 0.5265 0.631096932564441
rs7168036 95086024 0.5576 0.175930345977607
rs2032975 95086882 0.6564 0.636014261765402
rs16949194 95088773 0.8871 0.504864959059422
rs7168865 95089670 0.5281 0.881499333204903
rs736916 95090208 0.6418 0.280671229954068
rs4984349 95093669 0.26 0.563796320394
rs4984350 95093772 0.504 0.849041056039347
rs1981905 95093984 0.842 0.678960780480214
rs1968281 95100047 0.902 0.736200038512066
rs10431827 95104295 0.71 0.668519104531922
rs1364546 95104744 0.404 0.371027312357063
rs7181744 95105481 0.6711 0.969182734080762
rs12441448 95110698 0.6342 0.407525462441623
rs10520755 95113223 0.4173 0.70138978660113
rs7181323 95113239 0.9285 0.803371762743325
rs16949208 95114211 0.6064 0.41062546584318
rs2388817 95118049 0.7761 0.908377733822138
rs2161936 95118265 0.1317 0.0162088944327745
rs16949233 95119587 0.7652 0.862947204835755
rs17632136 95119783 0.5853 0.781008530754169
rs1863098 95120181 0.8173 0.949137491495684
rs17731069 95123285 0.3566 0.207633518173405
rs11073372 95129389 0.6846 0.375846633643062
rs11632943 95130018 0.722 0.399683197232278
rs890008 95132026 0.03352 0.0188480825597124
rs7171433 95135626 0.04739 0.021802601318908
rs2113680 95139193 0.9099 0.667572262954181
rs918921 95140774 0.8037 0.824145064455351
rs2388819 95141963 0.02993 0.0075494368760079
rs1424700 95142600 0.1255 0.15055388445126
rs17632265 95142938 0.5369 0.558630610814603
rs2291995 95144382 0.01327 0.0151011635664845
rs7164631 95147282 0.373 0.479620409929979
rs4984398 95151783 0.3332 0.745669616055581
rs4984399 95151877 0.7439 1
rs11854950 95153278 0.6179 0.864598367763337
rs12440787 95154389 0.02287 0.0559173650541878
rs12594115 95160050 0.1606 0.571310263078098
rs17663794 95167478 0.03124 0.202023276593981
rs6496026 95172383 0.4176 0.204272228464516
rs1035649 95172968 0.003472 0.0131464553237849
rs17663842 95180286 0.6346 0.238959834905096
rs3909563 95181809 0.908 1
rs8034011 95196085 0.6522 0.951037796124042
rs12442791 95197078 0.4509 0.645367247081027
rs11073376 95197655 0.669 0.672126803398905
rs12591766 95198659 0.9253 0.521488826324192
rs2619171 95203359 0.4245 0.930930267081127
rs7177393 95203869 0.2815 0.128854556139383
rs16949357 95204119 0.0625 0.223047572384952
rs12912971 95205503 0.04803 0.2094593003889
rs8038629 95205540 0.4571 0.882885663559778
rs922507 95206636 0.1265 0.146429439646889
rs2651854 95206929 0.08641 0.084175899199135
rs12593663 95207022 0.2309 0.449941753025774
rs17632797 95207832 0.0269 0.0984818098110876
rs922509 95209040 0.7144 0.464361825989594
rs11858601 95209764 0.1408 0.151215551709716
rs12906594 95211562 0.705 0.934154651394784
rs12908190 95212426 0.9792 0.718238042157324
rs2651848 95217028 0.163 0.273446880728281
rs1564326 95217830 0.0614 0.0437748216939677
rs7177001 95218027 0.1011 0.161014790809008
rs17632897 95219231 0.3314 0.269354225995478
rs11073378 95227877 0.2367 0.078879081678062
rs2248547 95230447 0.02809 0.0283932600470667
rs12440540 95238219 0.2858 0.418241511777821
rs4381545 95238957 0.9782 1
rs7167008 95239007 0.06614 0.0680762738143911
rs2127250 95240817 0.5953 0.644433395146396
rs17632962 95240900 0.7191 0.853582671575583
rs1026750 95242122 0.6155 0.689300035498651
rs1026751 95242558 0.766 0.97517297411869
rs8031025 95244477 0.2302 0.391814851711595
rs873072 95245229 0.2541 0.183408061347264
rs6496033 95245915 0.5735 0.720964942983393
rs12912302 95246166 0.6676 0.512254431188706
rs12912324 95246247 0.472 0.457875913971244
rs7162031 95247235 0.8135 0.932161741038261
rs11631305 95248361 0.4002 0.303811597787262
rs899464 95252529 0.4573 0.46269508484441
rs2127247 95255902 0.8453 0.656816285253335
rs2388779 95257278 0.9909 0.926583745061487
rs8041855 95259166 0.3811 0.340582305028233
rs2388880 95260947 0.7664 0.764484999798197
rs17664293 95263207 0.5455 0.388599532085009
rs8036171 95266810 0.9797 0.929689944969911
rs7181659 95267483 0.6207 0.578956592457615
rs4984406 95268494 0.5714 0.503958312978539
rs7173947 95270467 0.8652 0.95313322741283
rs8031439 95274845 0.9872 0.80775870854048
rs17633577 95275720 0.7359 0.548310771104278
rs7402928 95278525 0.9613 0.976225773838743
rs9920469 95282267 0.6492 0.814310079984661
rs2388881 95283367 0.5633 0.508923902942419
rs4338748 95283827 0.6436 0.630481908929306
rs17633800 95284905 0.9155 0.853186937431102
rs11073384 95286328 0.3416 0.20738299686226
rs752033 95289673 0.8094 0.910856751740546
rs752032 95289935 0.2158 0.148075623744075
rs12901206 95289972 0.1406 0.104903924983665
rs8030354 95293878 0.3054 0.198519237619215
rs4350529 95296947 0.9462 0.847948898005375
rs1020987 95308129 0.1587 0.244992890199833
rs2219816 95308842 0.2012 0.419929324696544
rs11638646 95309875 0.6251 0.833438549983244
rs12440283 95313949 0.007321 0.00896474327887405
rs12440379 95314018 0.3836 0.177874345058539
rs11073385 95314455 0.07608 0.1967995109785
rs2199734 95316443 0.1442 0.166896029083843
rs2199732 95316593 0.04081 0.0771060953867696
rs17664713 95318586 0.5981 0.352701347477602
rs11073388 95319227 0.1243 0.202822532067111
rs899461 95321612 0.459 0.29945028776077
rs2199730 95322621 0.1171 0.178616450077664
rs12441398 95325488 0.1788 0.0815032667344317
rs17552711 95330054 0.1757 0.129705340799675
rs12442336 95333759 0.5683 0.529035620016755
rs11073390 95335856 0.6384 0.923607944705547
rs7174194 95336834 0.6246 0.548722721104146
rs962854 95346393 0.8804 0.88915592912351
rs2218688 95359535 0.2216 0.214270725527001
rs8037351 95361787 0.4386 0.540260870287473
rs10152812 95362466 0.5161 0.397437516321895
rs4984479 95366462 0.3968 0.227339747305221
rs4984492 95366798 0.511 0.384269262956822
rs4523880 95377170 0.2219 0.119376613977574
rs6496047 95378243 0.7374 0.702569639358362
rs10520766 95379491 0.3109 0.313788609028385
rs4491457 95386443 0.2323 0.170669911378933
rs8039237 95388951 0.2294 0.0938519582212621
rs4365243 95407056 0.6905 0.198306818892737
rs8024991 95411105 0.7991 0.617122446568179
rs12443263 95413937 0.8301 0.667136197148203
rs12232345 95415272 0.937 0.427149286707031
rs4984590 95424631 0.3318 0.291307909045824
rs935632 95461053 0.3344 0.063376772731338
rs4306453 95462135 0.3598 0.44344365221918
rs1992921 95465866 0.9376 0.846338169243673
rs4459502 95469725 0.8885 0.614716597253879
rs4283178 95473492 0.453 0.350943257114253
rs17553708 95474135 0.5734 0.764937367218194
rs2084470 95478913 0.551 0.929598775775578
rs4316703 95479147 0.9656 0.89934415431963
rs8037155 95479659 0.9368 0.825161271386777
rs1579942 95481626 0.7507 0.870381870893269
rs12437784 95487052 0.8566 0.22376321438078
rs12050609 95496732 0.699 0.270824543665293
rs11632362 95500573 0.8626 0.321825418091607
rs1031644 95509944 0.869 0.58834528876399
rs12902306 95511932 0.4671 0.483450712051143
rs17635194 95513696 0.1837 0.17577986724063
rs17635206 95514402 0.8342 0.881025513584276
rs6496076 95514566 0.4611 0.936690808810859
rs7163584 95516476 0.6715 0.71656411697875
rs17553945 95517815 0.3534 0.198087069958464
rs2397382 95523004 0.4131 0.554683404610892
rs1457853 95524174 0.5462 0.454783172030122
rs1457851 95524439 0.5055 0.447889942221396
rs7170871 95533686 0.701 0.591488971130936
rs7171712 95537436 0.02073 0.0394903379738371
rs7176424 95537526 0.3541 0.278570118685658
rs9920854 95541618 0.919 0.542840019736127
rs12905555 95544084 0.4955 0.693039117687827
rs7172063 95546218 0.6184 0.96770345982922
rs1471150 95546697 0.9552 0.513406442298605
rs1563649 95547783 0.7472 0.773754099226079
rs8036547 95550269 0.3703 0.343236412583451
rs12903810 95557513 0.4355 0.405377526376474
rs1379638 95559447 0.8109 0.492921507200912
rs897951 95567671 0.4629 0.396630151102923
rs1563652 95578439 0.1898 0.697056497661666
rs8031253 95588003 0.109 0.166634521443415
rs6496083 95590438 0.3588 0.338726404827287
rs7172770 95592448 0.4489 0.74881236126588
rs2198997 95593723 0.1179 0.181371872912857
rs2168791 95599379 0.1255 0.208209047120879
rs17554383 95611755 0.4623 0.612149200147723
rs291027 95621027 0.5886 0.654790201855493
rs11858030 95622735 0.7099 0.887786287399685
rs2125179 95631495 0.9824 0.646656248903268
rs291030 95637149 0.01991 0.137115179280402
rs2894895 95642676 0.5667 0.50306686719218
rs1598909 95657388 0.5844 0.757954340592292
rs1471169 95662519 0.1404 0.260726846207597
rs17554628 95663071 0.04334 0.0228962517466153
rs11073419 95663092 0.1032 0.228887449331932
rs898001 95663613 0.1261 0.178912664823416
rs2125311 95666177 0.4407 0.530728647625989
rs7169990 95667142 0.5295 0.700557923908861
rs7176581 95668232 0.1547 0.134240916699913
rs12594904 95668403 0.5057 0.675953299335558
rs12148851 95668956 0.3932 0.25688668215178
rs7177791 95672055 0.7556 0.94341596822977
rs11635926 95674002 0.3591 0.142656585403832
rs12916071 95678197 0.8552 0.830115426413776
rs989141 95678951 0.0921 0.19241473542252
rs920902 95680139 0.3306 0.131059190378038
rs1674012 95680214 0.3306 0.104370175262068
rs2166176 95680329 0.5682 0.729088839871083
rs1444859 95683390 0.576 0.744186130483784
rs290640 95683647 0.2696 0.224630208820902
rs290673 95685271 0.2433 0.201304278978171
rs10520771 95685711 0.3329 0.999999999999999
rs169712 95689069 0.0595 0.13955313598923
rs188324 95700505 0.7609 0.707240806722095
rs12101914 95703896 0.4228 0.878620747983261
rs12101936 95704037 0.07353 0.38177595789582
rs7177948 95710750 0.2265 0.758099397835656
rs972037 95720146 0.3715 0.766786323565319
rs290660 95733509 0.6499 0.356252335237504
rs290668 95738641 0.4824 0.533543823981791
rs7178600 95738763 0.5816 0.47716330876492
rs290670 95739380 0.3858 0.465753024950644
rs7168936 95740487 0.7363 0.957001957236791
rs7171611 95741395 0.7562 1
rs2218461 95750341 0.8068 0.871876699205239
rs11858127 95768547 0.02851 0.0264081976875527
rs1351715 95769033 0.7651 0.631685430943579
rs1596659 95778873 0.0236 0.0586472058366654
rs7166820 95782720 0.01241 0.0324484619838519
rs8027860 95788186 0.6388 0.902766788000482
rs11634328 95790620 0.08742 0.230059550915813
rs8040230 95793683 0.03588 0.0830991124200917
rs7176538 95795090 0.0186 0.0531241303467672
rs11632805 95795327 0.7766 0.957001957236789
rs1444858 95796359 0.1004 0.217960893571354
rs1822809 95798343 0.5478 0.549898164209143
rs16949909 95800294 0.8187 0.69371075501467
rs957703 95809130 0.9047 0.538023987822472
rs8030304 95814910 0.9364 0.605261744447753
rs2397457 95816036 0.9858 0.698799507671253
rs2397458 95816217 0.9324 0.611845367888135
rs748095 95824428 0.3622 0.266018891950968
rs10520775 95826797 0.3672 0.362924210752301
rs12912439 95828705 0.2409 0.310881211049862
rs13329115 95845730 0.865 0.826129585498117
rs1444862 95848780 0.5366 0.166441220352074
rs28653195 95851885 0.9634 0.527512675558734
rs6496102 95862407 0.8446 0.273593018613611
rs7174577 95863364 0.9878 0.649621977704513
rs8028304 95870977 0.6423 0.567143637779817
rs4553580 95872440 0.3709 0.987873667045994
rs12324403 95878496 0.7718 0.658008031787613
rs12148103 95882846 0.6952 0.613820990719858
rs16975040 95888064 0.205 0.548415650827266
rs16975043 95888269 0.725 0.952345930847953
rs11853550 95889251 0.3496 0.908073195469529
rs1384729 95892206 0.6656 0.804455073538838
rs16975070 95894611 0.1952 0.550977705898531
rs1483299 95896156 0.5206 0.973756275557509
rs16975075 95900472 0.1908 0.553297116214698
rs922910 95905164 0.6851 0.724379384960456
rs8041060 95912116 0.4796 0.265857913545985
rs4984575 95921191 0.2167 0.0607001443040013
rs10520779 95927822 0.6234 0.972210016658232
rs8038720 95932632 0.8098 0.378791825589287
rs11858528 95939651 0.8552 0.792985652155125
rs12901265 95940811 0.9567 0.446383919564702
rs7171955 95941948 0.8444 0.601588672185174
rs12323993 95946089 0.6624 0.311762359687156
rs1834207 95952841 0.869 0.976288844664571
rs11629709 95952955 0.5854 0.593141273933179
rs1559572 95954459 0.6834 0.75154409783696
rs7183393 95957772 0.3995 0.313317752217811
rs7168315 95958655 0.7307 0.50359722042317
rs4984577 95963036 0.8599 0.91881956607171
rs1559571 95972763 0.3331 0.443732613519751
rs11629797 95975748 0.7317 0.590545356187431
rs12708555 95976964 0.3251 0.258776399435988
rs6496105 95987050 0.2342 0.331502673172693
rs11634668 95996993 0.7354 0.813156882882122
rs11634573 95997063 0.8779 0.422912548646556
rs11634763 95997422 0.2585 0.171915471084793
rs17491052 95999729 0.4192 0.605750969728738
rs1991147 96002632 0.344 0.201179984039833
rs2052652 96003126 0.1539 0.193292593975306
rs12593976 96010075 0.05056 0.0536617502627053
rs7170640 96014096 0.5489 0.561966865084729
rs10162686 96015083 0.5561 0.511035524545897
rs10520785 96017545 0.2168 0.126199588073319
rs1345957 96018577 0.1698 0.0794807489013929
rs11856947 96023368 0.9285 0.477106954920048
rs12595031 96024055 0.9571 0.835761910584946
rs1834204 96028726 0.375 0.3576275989334
rs10520786 96029711 0.831 0.832628549451587
rs9920389 96031560 0.653 0.903961558314019
rs10520798 96032891 0.9187 0.501656987825725
rs11857715 96035732 0.7692 0.909706399378992
rs7171363 96038738 0.948 0.953571675985632
rs7172578 96038806 0.9605 0.92907534418353
rs7171654 96039132 0.2813 0.238110321543463
rs17576986 96040278 0.7533 0.954796586429121
rs7183576 96040523 0.2776 0.235242029323464
rs17492912 96045821 0.4105 0.353122875963324
rs16975275 96046556 0.1056 0.131974168625448
rs8039277 96049277 0.6298 0.797800131125189
rs17493093 96049676 0.844 0.976330614615258
rs12905127 96050578 0.5061 0.184302945171211
rs1946310 96050882 0.3601 0.209849124665394
rs933771 96052484 0.1434 0.0911268359732984
rs4984587 96052571 0.2985 0.154114260395225
rs3909565 96057981 0.01881 0.00906618850246308
rs9920980 96062037 0.8173 0.829901576449862
rs9920471 96063649 0.01659 0.0193923094822058
rs7183903 96070786 0.03374 0.0401161558227654
rs6496116 96070953 0.8274 0.958077065110763
rs6496117 96073028 0.7977 0.861265057243485
rs1834212 96075553 0.3283 0.315456285939527
rs6496120 96081432 0.74 0.839466894326028
rs7180301 96087528 0.8311 0.799540820710768
rs8036454 96090745 0.8683 0.708639921854134
rs7182098 96091767 0.114 0.448082800206065
rs12916488 96091988 0.9409 0.959723638051569
rs1834210 96092732 0.347 0.178739077590825
rs10852038 96093061 0.3702 0.725286834010439
rs17501032 96093765 0.4346 0.775519654649544
rs1968284 96094707 0.2097 0.865029545673849
rs10163003 96099644 0.1642 0.169807554435553
rs6496124 96104868 0.008865 0.0824658137549509
rs1344583 96106002 0.0001947 0.0052462013436541
rs10520787 96108853 0.7202 0.788352862354714
rs4258562 96109479 0.003274 0.0688676710590065
rs2397807 96112869 0.01261 0.124265438194902
rs16975363 96121835 0.02011 0.111046212060841
rs8041896 96121944 0.1338 0.0245067377164924
rs2894960 96124446 0.06496 0.355302543639966
rs4447376 96126048 0.03299 0.174906723234147
rs8035055 96126169 0.02536 0.124247171103757
rs10520788 96126414 0.3491 0.227978524874281
rs8029103 96131610 0.04831 0.183774372695275
rs8028726 96131960 0.02233 0.104012674734829
rs6496125 96135977 0.02048 0.0312586810300372
rs17580697 96136319 0.9534 0.748163963143964
rs4581667 96137908 0.1173 0.292044825591931
rs8035562 96144966 0.1283 0.107333049199519
rs8035878 96145098 0.0007547 4.58438223118788e-05
rs7165153 96147390 0.1425 0.243394657531876
rs8025611 96154299 0.0002888 1.73032055770028e-05
rs7163129 96158885 0.1986 0.172559821280018
rs16975408 96162426 0.08865 0.318661671252528
rs7170179 96163512 0.9443 0.586451351490731
rs6496127 96164290 0.0003826 3.03820867825981e-05
rs4544201 96167827 3.091e-07 8.510111018553e-10
rs4561414 96172324 0.7092 0.716698248158649
rs2397804 96179023 0.001265 1.36853989794737e-05
rs2006950 96179390 7.782e-09 3.92031460252104e-10
rs11073442 96181941 0.07676 0.0807924949921702
rs7175422 96182369 0.04005 0.0404624110597551
rs16975468 96183468 0.0118 0.00651449192857093
rs11852498 96183947 0.0705 0.0412521709900455
rs7163576 96184014 0.03336 0.0226433395016563
rs12906267 96186627 0.03381 0.0179692817757053
rs17504636 96187805 0.772 0.650772213979719
rs12232372 96188705 0.8992 0.248745333836117
rs1807898 96189551 0.2853 0.309974027876301
rs1442418 96190655 0.4736 0.621313240840361
rs2397821 96191668 0.7788 0.735230170199797
rs7173276 96196394 0.9644 0.973526148490843
rs1372641 96196533 0.01451 0.00879983014256266
rs8040452 96197257 0.3257 0.234067021532384
rs12906287 96199292 0.04545 0.0483736872224637
rs7176736 96200430 0.04502 0.210780869253973
rs7180933 96200523 0.3348 0.233708257830032
rs10520799 96201031 0.01049 0.0155192363496291
rs7162867 96206572 0.42 0.559486338736777
rs7173883 96212333 0.4323 0.56048558972407
rs16975518 96217126 0.6339 0.152239926921714
rs6496132 96217831 0.6867 0.286863787472256
rs12910231 96221025 0.1481 0.0803629609922508
rs4247092 96225221 0.9063 0.976815224206871
rs12438895 96226126 0.504 0.903481513442936
rs11073446 96226294 0.7575 0.795518052896556
rs972265 96235577 0.8819 0.68686999144504
rs1372635 96237962 0.2024 0.0597902955878054
rs2012110 96250179 0.3396 0.760082191460319
rs16975547 96255533 0.8938 0.211667822980276
rs2575414 96256620 0.2663 0.298221031716691
rs16975550 96257703 0.1815 0.0872901916263461
rs2567446 96263982 0.6442 0.426699414916516
rs2575418 96265006 0.6387 0.665034586056198
rs2567440 96276516 0.6561 0.696974586008338
rs2639193 96283395 0.4255 0.396704911660595
rs2575415 96290460 0.09197 0.140092128754787
rs2584229 96294783 0.09054 0.0474081410346184
rs8025900 96295104 0.01757 0.0487879585810529
rs2584231 96307034 0.06339 0.174770297218983
rs2639198 96311259 0.1762 0.186492346434172
rs11073449 96325135 0.06106 0.0649623221836586
rs11856995 96325643 0.09351 0.082537411214524
rs11858405 96331346 0.1803 0.420456111136343
rs2567426 96332861 0.1005 0.174613875702147
rs11852366 96335077 0.05486 0.0850603329385482
rs2567458 96341849 0.9255 0.829768763297744
rs16975649 96343835 0.5462 0.145762267252686
rs2567456 96345844 0.02196 0.0548438852407817
rs2567452 96366704 0.8752 0.654897364870827
rs744738 96372629 0.5485 0.763476468428898
rs2575425 96397777 0.01355 0.00365644644616587
rs748666 96400537 0.178 0.0956770728065544
rs1369943 96402314 0.1373 0.100706464958354
rs2639187 96403310 0.3842 0.204723141589969
rs2575426 96405795 0.7856 0.635973072808146
rs16975729 96408476 0.5863 0.287196283571055
rs12592796 96409603 0.9805 0.928444635953188
rs16975754 96419749 0.439 0.170050125594604
rs16975755 96419855 0.5595 0.392038622282806
rs9989352 96422561 0.699 0.466767009243113
rs17588270 96423438 0.321 0.48065785779749
rs4984460 96424399 0.0745 0.121111023474669
rs17588404 96426039 0.4654 0.713991845144938
rs896070 96428860 0.1315 0.148999642298491
rs725213 96430634 0.00409 0.00634737743996714
rs16975766 96432446 0.2252 0.0766349100341226
rs12438237 96432912 0.2271 0.16717087551472
rs7172954 96436880 0.1599 0.380769374070828
rs955643 96440253 0.5701 0.905860379897958
rs12438658 96448889 0.06841 0.0649346267219635
rs4321148 96449449 0.2201 0.360183252280927
rs7162291 96451469 0.3201 0.12622114972242
rs17517092 96460704 0.6578 0.808523229056772
rs12916136 96464805 0.9025 0.549388748450964
rs16975798 96465966 0.8229 0.910702519516365
rs1078955 96466175 0.8909 0.488288643170773
rs2084608 96466326 0.7333 0.529728889706348
rs1901139 96468386 0.9581 0.882986351794328
rs4984464 96472627 0.6904 0.923867870570245
rs7168486 96473395 0.1832 0.27628348014023
rs10520802 96474791 0.6103 0.228124574699613
rs16975846 96479224 0.5831 0.917632588972137
rs8036932 96485168 0.7491 0.143909802437031
rs16975866 96494632 0.1544 0.200689032904532
rs1450490 96495126 0.4373 0.768299923275746
rs16975874 96510504 0.1559 0.577292733770473
rs1562812 96513174 0.3894 0.898491762824696
rs8023338 96519797 0.2459 0.905232455091341
rs12592953 96528345 0.03569 0.0620493337391883
rs17591838 96530804 0.25 0.268789281999703
rs16975933 96530880 0.2251 0.18166519840929
rs3886173 96537059 0.05353 0.120706673497557
rs12441889 96545762 0.1518 0.149732670676323
rs16975938 96551859 0.01557 0.0987898600823368
rs1450496 96552252 0.4071 0.660170427912817
rs1450495 96552691 0.844 0.950513455488036
rs10852042 96563133 0.1741 0.113633846682775
rs1020501 96565598 0.7994 0.350273385028047
rs16975960 96566544 0.1572 0.194338717639184
rs7170199 96566653 0.7696 0.316176928748808
rs2122518 96568234 0.2128 0.11183986627477
rs7180889 96571579 0.209 0.122603361223599
rs10520805 96573142 0.1481 0.175311860692563
rs10520806 96575044 0.2919 0.376707104575495
rs2122521 96577215 0.1832 0.200224223490859
rs2044800 96580586 0.04087 0.0385659286579025
rs964330 96581736 0.5565 0.568896979291602
rs17521464 96583818 0.6837 0.73662981755974
rs6496149 96588940 0.7747 0.862605519754238
rs12914967 96593334 0.6492 0.660050306753885
rs7163466 96594318 0.2194 0.43587845448285
rs4984490 96599756 0.8296 0.912333453849357
rs4329872 96604173 0.7899 0.630124341893377
rs9806209 96605081 0.9027 0.573726842949446
rs7167272 96605147 0.7517 0.583300448561375
rs8034150 96606221 0.6457 0.70603612896283
rs4984491 96607452 0.9312 0.878288690881854
rs11629627 96608104 0.08004 0.212911556139396
rs8029545 96608959 0.06825 0.0858939214667975
rs4375615 96611170 0.476 0.265081152740794
rs16976057 96612108 0.4252 0.205939075094985
rs11073459 96614118 0.9022 0.550364783304893
rs4984493 96615461 0.7642 0.225314499206552
rs11857708 96618711 0.01478 0.0131524021715738
rs10744969 96618734 0.02546 0.145733665381479
rs8041324 96619516 0.1278 0.210188925498915
rs4374122 96626177 0.5513 0.091265785259775
rs7171368 96637443 0.2554 0.136765286778249
rs12899387 96643183 0.1811 0.0993694150161103
rs7169450 96644465 0.245 0.075863383445273
rs1036519 96645410 0.4823 0.523678576130853
rs1036517 96646200 0.3119 0.0832315709677967
rs10520809 96648248 0.8111 0.364077277449234
rs11635717 96648537 0.8641 0.438357778111692
rs12902643 96648947 0.5422 0.525866664292763
rs4329873 96649229 0.8877 0.443776979096369
rs10520810 96649868 0.7939 0.91719013446998
rs12901140 96652249 0.8274 0.979325082594497
rs4984422 96655388 0.7666 0.902127648821359
rs10520813 96664707 0.801 0.61050108638599
rs7178874 96665128 0.6916 0.661840508787195
rs755391 96668434 0.9055 0.554180878724389
rs7165650 96669813 0.7911 0.977122236270064
rs981226 96671440 0.8621 0.511007652322922
rs7162174 96672859 0.8148 0.746731340486285
rs1550234 96675578 0.4876 0.921087614905684
rs17524590 96676529 0.9539 0.810914231223577
rs11633603 96681202 0.3344 0.73140194541074
rs4984504 96683748 0.9231 0.531595653834258
rs1036521 96684549 0.5847 0.926926654909457
rs12907607 96685092 0.8019 0.475208683929296
rs4386090 96687356 0.5612 0.568245666847076
rs4547286 96687402 0.1736 0.596568453737497
rs12593344 96693802 0.4905 0.6372894734746
rs12912030 96694514 0.5046 0.571872799584168
rs2033737 96696462 0.5482 0.757011733238069
rs7170868 96700584 0.6382 0.864464448261389
rs1007328 96703373 0.1824 0.478641183536393
rs1007251 96705400 0.375 0.427982103062455
rs12441559 96713340 0.1692 0.460496122164385
rs8034595 96719229 0.5354 0.902855757828472
rs8030759 96721751 0.5936 0.283073477062357
rs11638313 96723448 0.7757 0.97406312157284
rs961229 96725043 0.8883 0.955280362309745
rs4984516 96728163 0.7915 0.975333655183585
rs2278510 96728857 0.9528 0.841163516611632
rs2278509 96728981 0.5545 0.97489804854209
rs1542015 96729286 0.4392 0.782538118461842
rs8026207 96729928 0.5015 0.714258283720535
rs12911982 96731890 0.6997 0.927331856462541
rs12904887 96733985 0.8885 0.908974912390848
rs2577022 96734947 0.4287 0.439683702698226
rs2589232 96742581 0.3923 0.743580673245965
rs1107227 96746400 0.6218 0.889708264336026
rs2577000 96752941 0.3923 0.763679034994002
rs2589228 96757477 0.8139 0.935632431080376
rs7162534 96761004 0.145 0.197867011316078
rs1437581 96762158 0.1722 0.507745645395565
rs2576997 96762517 0.8888 0.697660286712442
rs1866093 96764285 0.9871 0.625449454776003
rs2246769 96767651 0.3868 0.573980611848388
rs2440684 96768732 0.8663 0.580523362606284
rs2589223 96769005 0.8623 0.54786387160961
rs7173539 96776530 0.1874 0.111853258700609
rs1437583 96776696 0.5478 0.501053705473119
rs2577016 96781064 0.6797 0.494400869151269
rs1964412 96782483 0.2508 0.173739182493308
rs2589255 96787864 0.4599 0.454169900083259
rs2577011 96787942 0.5147 0.507165972792551
rs7180368 96790294 0.2487 0.530886904071446
rs2244139 96791858 0.6253 0.503898918577985
rs2589252 96794637 0.992 0.806219854904862
rs2577002 96796260 0.9547 0.714209234256351
rs2577008 96803480 0.9313 0.608414206523653
rs8028016 96805642 0.1796 0.538788735063328
rs11073472 96806278 0.2341 0.400463784623793
rs4984530 96806416 0.7525 0.421004446515959
rs1437588 96809782 0.8521 0.48174585070234
rs2589238 96810867 0.9531 0.897720778092022
rs2252023 96813210 0.6325 0.915107354110631
rs7180721 96816581 0.8817 0.844778804079792
rs2398162 96830550 0.5466 0.247222788250873
rs7173576 96841524 0.4217 0.550364041822282
rs6496165 96844005 0.01564 0.0378157487698207
rs4984533 96844084 0.06745 0.0636337115384835
rs3743466 96865270 0.5445 0.84816236709769
rs4335732 96866320 0.207 0.495512991591143
rs3743462 96870817 0.03554 0.0812981316439148
rs3809557 96873212 0.03318 0.034579483190033
rs1807198 96878294 0.2534 0.291221587030088
rs2001191 96878349 0.06939 0.0523878531389466
rs11045 96883321 0.4813 0.289124989226145
rs4384562 96885253 0.06407 0.0315595879550051
rs12907625 96898166 0.1379 0.0519211685617916
rs745136 96899827 0.305 0.24892533791683
rs4398080 96900703 0.4384 0.364070536633414
rs8031676 96910440 0.6139 0.448584544811461
rs4984541 96911139 0.7267 0.614366816941348
rs12906364 96913773 0.7951 0.714857072634966
rs1437753 96928114 0.5115 0.729105372527349
rs12916853 96929667 0.9484 0.976951055363352
rs934781 96931193 0.9997 0.905161500427027
rs1837119 96931594 0.9934 0.908225343582683
rs2008780 96932216 0.4467 0.601795208764712
rs12594623 96934745 0.9685 0.814289543007962
rs7181042 96939473 0.5114 0.535216778100268
rs8032343 96946875 0.8591 0.76937305023796
rs4984436 96947205 0.4904 0.327779795232469
rs1437768 96948362 0.5538 0.350441754882239
rs8025140 96952908 0.3335 0.278706985352421
rs7170620 96954092 0.5054 0.597103643867881
rs8026716 96954995 0.7463 0.274628596283169
rs11631027 96967788 0.3846 0.0681517720976157
rs9806552 96978121 0.7237 0.460750964565107
rs12914147 96981538 0.09177 0.0213761654152803
rs8032100 96993266 0.5811 0.49193066214632
rs1437773 96997098 0.2235 0.0643088769115418
rs4984548 97002600 0.9297 0.70509091675338
rs10048050 97004933 0.8697 0.531796331664898
rs1437760 97006323 0.8314 0.489604438786318
rs7170093 97006948 0.2044 0.256160016550036
rs1437763 97010956 0.8994 0.743259408255942
rs7181546 97012380 0.2141 0.154628247981478
rs934782 97016950 0.7717 0.403107981063263
rs9673104 97017737 0.2893 0.159160257980097
rs7168357 97018475 0.2114 0.239654912580289
rs4530093 97027943 0.09903 0.0629706204045492
rs2028200 97030852 0.7943 0.940083974184554
rs4984549 97041535 0.08429 0.0753643919228479
rs8036036 97043376 0.07097 0.0525148584908158
rs1437755 97043989 0.2712 0.469400543978003
rs8042815 97045992 0.07656 0.0674483204830346
rs1370555 97049985 0.6362 0.91152877124905
rs6496173 97063357 0.6869 0.757215046686607
rs2955034 97076008 0.557 0.798907066368673
rs2083117 97079333 0.8634 0.52429980744047
rs7163206 97079899 0.4968 0.584340638718567
rs1009132 97083924 0.6622 0.665862359929979
rs8027928 97084342 0.7804 0.858835950499882
rs12148530 97085286 0.5683 0.793839895091428
rs4448900 97087068 0.698 0.987774428033719
rs12916220 97091511 0.08797 0.125728523112873
rs2955032 97103487 0.4113 0.323205691479799
rs2049167 97109503 0.1609 0.101556714791616
rs2177043 97117988 0.04815 0.0259014050280299
rs11638543 97130369 0.2372 0.195981016003824
rs8038026 97157485 0.6355 0.418802916572977
rs7170715 97160237 0.3697 0.146830507973032
rs12910760 97160776 0.5062 0.293947404478353
rs13380379 97162132 0.379 0.15730154181283
rs7167134 97172252 0.2227 0.455464489238592
rs7177158 97178825 0.6864 0.732708364389209
rs7182140 97185260 0.7872 0.92014596078505
rs12898753 97188826 0.8206 0.900308031947545
rs12915782 97192336 0.6396 0.795493503412994
rs4335743 97201416 0.05503 0.16162604365646
rs4539562 97215275 0.5482 0.771948200898011
rs4508392 97218758 0.5466 0.81477064838224
rs12903589 97219593 0.6613 0.825071920727282
rs4255753 97225761 0.3389 0.165532778188552
rs4246284 97227644 0.3834 0.208764288572245
rs12904345 97239395 0.4496 0.231111499594575
rs4965129 97246670 0.06209 0.19841730546756
rs4548821 97250298 0.134 0.256901811808274
rs4567667 97251036 0.1425 0.12122890795063
rs4586395 97260131 0.1783 0.153868542376632
rs4533251 97262427 0.1903 0.138293915565098
rs4965131 97266399 0.4426 0.688156216764635
rs4436745 97269868 0.2822 0.575583544166431
rs1948821 97277632 0.4977 0.948798253372869
rs2654529 97283092 0.8461 0.62012851502251
rs2715803 97284510 0.8129 0.928187173968354
rs2715792 97288811 0.2612 0.431281852276772
rs11631170 97293925 0.7335 0.934042276297228
rs2654535 97294233 0.6996 0.880840511429743
rs7180888 97301195 0.1608 0.601052369760272
rs2895446 97308588 0.0899 0.18277754004631
rs12900931 97316065 0.9761 0.180770251594574
rs10220895 97318867 0.5474 0.367134252258195
rs1532761 97323639 0.5144 0.0471112367809563
rs12900367 97324574 0.7299 0.822658471930738
rs4965136 97326194 0.6936 0.69738022221235
rs12911590 97326748 0.999 0.616574428110918
rs3812907 97327393 0.5782 0.929568554580908
rs1503340 97328053 0.9736 0.740815670273736
rs12915633 97331090 0.2077 0.313266339432198
rs1503341 97331715 0.3422 0.271735150565703
rs8036994 97333810 0.8709 0.564943774341742
rs12904369 97335674 0.1274 0.214600186767328
rs7166083 97338946 0.21 0.464357427744589
rs6496186 97339494 0.3062 0.446979450451935
rs8039595 97349910 0.7767 0.931610210709551
rs7178548 97353358 0.006657 0.0597238545408147
rs2134596 97358067 0.4622 0.744595286580455
rs4531703 97367177 0.08272 0.221806824924063
rs12903265 97369257 0.1444 0.361314768887073
rs7179800 97371428 0.1714 0.279268284068113
rs1011474 97373752 0.7961 0.510703283567785
rs7182555 97376764 0.7364 0.625582422029039
rs12591757 97377840 0.9457 0.729595703540937
rs12904121 97387326 0.7773 0.397557290205516
rs8035569 97387708 0.323 0.729050131848688
rs8034570 97387930 0.1021 0.0163775880402988
rs12909975 97388360 0.1827 0.0930142806203243
rs8043535 97392522 0.1463 0.0686051898518923
rs10775238 97394744 0.9865 0.752237754158526
rs8023650 97394763 0.3492 0.161423845390409
rs6496190 97394826 0.2003 0.13313573926974
rs10852055 97394971 0.8171 0.518046782716134
rs12909347 97403627 0.7004 0.500531281046145
rs8035259 97403923 0.803 0.617728998186347
rs1503345 97409397 0.9392 0.905613698083349
rs7183318 97422907 0.5599 0.456405883350844
rs1014422 97437162 0.4909 0.872717234867889
rs7175648 97446342 0.1636 0.157691491899201
rs758810 97450246 0.7088 0.480862479170224
rs7161755 97450781 0.9145 0.802932637760587
rs10852056 97452118 0.3288 0.501425294275186
rs8042425 97456170 0.232 0.390297433743255
rs2191557 97467902 0.9386 0.819971174843045
rs2191554 97470986 0.8741 0.868678623088571
rs2191553 97471021 0.8663 0.817098439340106
rs12232319 97475332 0.518 0.663931247485331
rs12442455 97476082 0.5914 0.609283100921726
rs1468627 97490033 0.337 0.617146733002581
rs1468626 97491615 0.4566 0.38663621070733
rs2041433 97493539 0.2537 0.520068581803373
rs8042394 97494814 0.8434 0.896824928791898
rs8038642 97497521 0.7447 0.776347474008252
rs2215471 97498036 0.08321 0.0849910825995842
rs1860620 97499305 0.5958 0.803083092995161
