CHR SNP BP P_logit P_clogit
15 rs17492912 96045821 0.4008 0.288586321370661
15 rs16975275 96046556 0.1056 0.131974168625448
15 rs8027583 96047157 0.1251 0.136086086756777
15 rs11073433 96047481 0.1806 0.194855853783752
15 rs79086058 96047506 0.9229 0.767305047454595
15 rs72764015 96047877 0.2265 0.227815148668521
15 15:96048770 96048770 0.7317 0.939043921248866
15 rs8039277 96049277 0.5954 0.776958110302216
15 rs17493093 96049676 0.8707 0.976351416731024
15 rs112956900 96050457 0.9294 0.87113542117401
15 rs12905127 96050578 0.5415 0.183583558804006
15 rs1946310 96050882 0.4084 0.269731382036448
15 rs1946309 96051072 0.7823 0.516669317551825
15 rs71396816 96051163 0.3559 0.898396905632681
15 rs75473177 96051209 0.6874 0.582130413952453
15 rs112054370 96051723 0.3098 0.352898275749027
15 rs4984583 96052346 0.2885 0.173482040459497
15 rs4984584 96052409 0.2885 0.173482040459497
15 rs933771 96052484 0.1434 0.0902603778430402
15 rs4984585 96052500 0.2999 0.184149357428821
15 rs4984586 96052502 0.2999 0.184149357428821
15 rs4984587 96052571 0.2999 0.184149357428821
15 rs933770 96052722 0.8723 0.887258236187845
15 rs933769 96052742 0.8723 0.887258236187845
15 rs8043106 96053187 0.2176 0.132044543443802
15 rs8043297 96053360 0.2176 0.132044543443802
15 rs8026212 96053612 0.8723 0.887258236187845
15 rs4984588 96054006 0.01045 0.0082059408684245
15 rs4566105 96054575 0.01981 0.0110008993106322
15 rs3909565 96057981 0.01695 0.00920168680110948
15 rs7163270 96058628 0.0287 0.0245863853901877
15 rs11638098 96060990 0.0167 0.0196751638026337
15 rs9920980 96062037 0.8329 0.859163058187561
15 rs9920471 96063649 0.01659 0.019487039656199
15 rs12438354 96065181 0.01938 0.021075410305606
15 rs11073434 96066372 0.01791 0.0210742403037945
15 rs28534735 96067085 0.01791 0.0210742403037945
15 rs28780987 96067167 0.01791 0.0210742403037945
15 rs8041541 96067405 0.6558 0.731051228805691
15 rs8042728 96067431 0.6558 0.731051228805691
15 rs8025539 96067665 0.02723 0.0101351997199864
15 rs12906745 96069268 0.0341 0.0353979885412554
15 rs6496113 96069553 0.7986 0.944182688363478
15 rs56255068 96070236 0.02305 0.0123246311859749
15 rs12101666 96070287 0.8145 0.944250855804068
15 rs7183903 96070786 0.04352 0.0411416572366105
15 rs6496116 96070953 0.8213 0.9721083255773
15 rs7167594 96071821 0.9735 0.915106918543184
15 rs78719300 96072908 0.9511 0.914376852753462
15 rs6496117 96073028 0.7945 0.916563231127802
15 rs1834213 96073547 0.9302 0.625428420538192
15 rs1424749 96073608 0.337 0.360633897438554
15 rs79769607 96073889 0.3179 0.339404633868401
15 rs16975304 96074814 0.3612 0.403848992507696
15 rs12594906 96074842 0.633 0.861390665438612
15 rs1834212 96075553 0.3283 0.315033247562317
15 rs62019017 96076121 0.9769 0.697193163942553
15 rs11073435 96076382 0.6661 0.731826498633081
15 rs16975307 96076459 0.889 0.810243103260436
15 rs7168184 96077358 0.6481 0.709088147184292
15 rs72764027 96077835 0.1414 0.117867228610022
15 rs7172490 96077999 0.6591 0.688577619483728
15 rs6496118 96078276 0.9157 0.411235272808482
15 rs8038035 96078617 0.6202 0.667112735602478
15 rs8038478 96078739 0.82 0.927927250859243
15 rs56205209 96081065 0.1556 0.130556528422621
15 rs8030311 96081263 0.6644 0.709087974148777
15 rs6496119 96081400 0.7173 0.729267026455931
15 rs6496120 96081432 0.764 0.796013702126825
15 rs7176661 96081909 0.5176 0.528870219525491
15 rs16975310 96082894 0.6885 0.607659947007344
15 rs7182837 96082922 0.6867 0.637889226620585
15 rs77287639 96083032 0.9205 0.457870185758922
15 rs7182145 96083320 0.6312 0.63850390694792
15 rs7182594 96083340 0.7602 0.48726771097286
15 rs7183753 96083373 0.6944 0.579476033538488
15 rs60873165 96083666 0.8228 0.458832053253297
15 rs12902623 96084001 0.6747 0.790712454963726
15 rs12901369 96084008 0.6747 0.790712454963726
15 rs12898223 96085298 0.3853 0.247120899643356
15 rs12917276 96085351 0.4714 0.452674778179156
15 rs12904124 96086080 0.2259 0.13131697047887
15 rs7180301 96087528 0.8405 0.799540820710765
15 rs8024590 96088775 0.8465 0.753036082516756
15 rs59433724 96088776 0.4488 0.313980574617852
15 rs12438417 96089577 0.8158 0.778339495085587
15 rs9672499 96089781 0.8036 0.75702913378924
15 rs9302333 96090152 0.8297 0.689299459813897
15 rs8036454 96090745 0.8683 0.708639921854134
15 rs2161937 96091665 0.1946 0.337871615409053
15 rs7182098 96091767 0.1245 0.433629058023375
15 rs12916488 96091988 0.955 0.973229790330732
15 rs8042345 96092029 0.3794 0.723460772995433
15 rs8042681 96092276 0.3239 1
15 rs56383078 96092442 0.4146 0.702080441088431
15 rs17578995 96092607 0.4146 0.702080441088431
15 rs1834210 96092732 0.3654 0.194700024996469
15 rs10852038 96093061 0.3702 0.725060594510171
15 rs1968285 96093110 0.3951 0.641875848752456
15 rs7167449 96093373 0.3055 0.977252771939984
15 rs17501032 96093765 0.4326 0.775300031078184
15 rs17501060 96093927 0.4507 0.799502722349718
15 rs60128139 96094552 0.4028 0.750635002889495
15 rs60887434 96094553 0.4028 0.750635002889495
15 rs1968284 96094707 0.2097 0.86535024792003
15 rs62019018 96095240 0.4572 0.799502722349719
15 rs12904391 96095245 0.4639 0.696674591032229
15 rs11073437 96095263 0.5287 0.48075718224238
15 rs62019020 96096190 0.5004 0.787251172177957
15 rs117354036 96096507 0.02853 0.0797869199537858
15 rs1834209 96096538 0.3068 0.187415568540248
15 rs1834208 96096774 0.2052 0.131261619046042
15 rs7181087 96096905 0.2456 0.736535884973684
15 rs7163825 96097487 0.5925 0.4449822182798
15 rs12901479 96097691 0.9437 0.769065854017764
15 rs12900647 96097702 0.936 0.814457735819085
15 rs117728441 96097827 0.03408 0.0888782313169676
15 rs8025840 96097891 0.216 0.477810512708115
15 rs4984592 96098150 0.1995 0.131261619046042
15 rs11635339 96098439 0.5829 0.462676390857278
15 rs28454899 96098633 0.1637 0.58716631520205
15 rs1469195 96098700 0.1637 0.58716631520205
15 rs1469194 96098893 0.1995 0.131261619046042
15 rs4984593 96099038 0.573 0.42608027082371
15 rs10163003 96099644 0.1842 0.16742121741401
15 rs3887106 96099863 0.4116 0.222104335171146
15 rs55791406 96100064 0.5329 0.113167720966986
15 rs7183500 96100923 0.04046 0.0950050041319442
15 rs7183672 96101018 0.05016 0.149648621695659
15 rs111230478 96101097 0.1781 0.245104374649422
15 rs6496121 96101497 0.09609 0.241381436783915
15 rs56306374 96101675 0.9832 0.863675440033552
15 rs16975347 96102229 0.04524 0.213518051128519
15 rs2397803 96103776 0.02717 0.117596461784139
15 rs28450256 96104176 0.01509 0.0824682221397373
15 rs7180946 96104344 0.01509 0.0824682221397373
15 rs6496123 96104466 0.01509 0.0824682221397373
15 rs7175326 96104620 0.01381 0.084270179712291
15 rs6496124 96104868 0.0104 0.0837499626593654
15 rs1965039 96105312 0.0008869 0.0203505538307521
15 rs74032182 96105891 0.7508 0.649488491422968
15 rs1344583 96106002 0.0001947 0.00519069596187511
15 15:96106165 96106165 0.7354 0.625807188223738
15 rs16973975 96106388 0.7354 0.625807188223738
15 rs2068885 96106897 0.7907 0.867342244662598
15 rs55870607 96107467 0.7914 0.675953148543806
15 rs56245180 96108137 0.7907 0.867342244662598
15 rs878218 96108321 0.7907 0.867342244662598
15 rs10520787 96108853 0.7266 0.788585112073582
15 rs1109067 96109302 0.7266 0.788585112073582
15 rs4258562 96109479 0.003274 0.0692995619479029
15 rs12591976 96110873 0.7437 0.651076289554799
15 rs73468494 96111087 0.7437 0.651076289554799
15 rs9920323 96111358 0.02458 0.234984933176619
15 rs4435206 96112293 0.9671 0.94636907903602
15 rs2894955 96112322 0.02372 0.158709992687461
15 rs2397807 96112869 0.01215 0.117168492118357
15 rs4398063 96113201 0.9993 0.946247514800168
15 rs9920970 96113375 0.006832 0.0991399346456311
15 rs4622463 96113399 0.05326 0.250898369201849
15 rs9920941 96113402 0.006832 0.0991399346456311
15 rs7166462 96115506 0.05707 0.261743746079894
15 rs60152723 96115509 0.6192 0.572646749705279
15 rs8033411 96116778 0.9833 0.892251749405126
15 rs4281666 96118458 0.6322 0.546906805703614
15 rs10468113 96118790 0.01253 0.0795001898095976
15 rs10468114 96118957 0.01253 0.0795001898095976
15 rs2397816 96119880 0.009847 0.0814261548129677
15 rs77590396 96120424 0.233 0.420905740642263
15 rs2397817 96121435 0.02688 0.141073778173827
15 rs16975363 96121835 0.02011 0.111046212060841
15 rs8041896 96121944 0.1386 0.0231673333951312
15 rs7183306 96122249 0.3512 0.276740344510624
15 rs7183355 96122406 0.9816 0.626500448644251
15 rs7162331 96122435 0.9503 0.592447485759876
15 rs34956744 96123114 0.0246 0.133669323700421
15 rs59395791 96123773 0.7079 1
15 rs11073438 96123978 0.0253 0.132120927818949
15 rs2894959 96124292 0.0253 0.132120927818949
15 rs12908170 96124299 0.0181 0.122341967785943
15 rs2894960 96124446 0.06355 0.29573239026877
15 rs2894961 96124593 0.02126 0.117287336074117
15 rs2397818 96125196 0.02116 0.112229866357076
15 rs17502085 96125226 0.6854 0.974199083386782
15 rs7174920 96125560 0.1893 0.0329975933319521
15 rs17580237 96125722 0.02197 0.119361624927847
15 rs4447376 96126048 0.03407 0.175625746312276
15 rs8035055 96126169 0.02256 0.113963080258497
15 rs10520788 96126414 0.3512 0.276740344510624
15 rs2397805 96126617 0.02061 0.12619491222494
15 rs12440016 96127222 0.2608 0.226357987788042
15 rs2894956 96128107 0.02822 0.134615376599119
15 rs4541025 96128202 0.02822 0.134615376599119
15 rs2397813 96128507 0.02822 0.134615376599119
15 rs8033720 96129419 0.02822 0.134615376599119
15 rs8036968 96129776 0.02822 0.134615376599119
15 rs8038452 96129945 0.02303 0.126516767387883
15 rs8037839 96130331 0.02822 0.134615376599119
15 rs8023513 96131251 0.02822 0.134615376599119
15 rs8028198 96131597 0.02822 0.134615376599119
15 rs8029103 96131610 0.04848 0.184475928673219
15 rs8028726 96131960 0.02406 0.140514135457948
15 rs8028895 96132016 0.02627 0.182372258019107
15 rs73470657 96132055 0.3273 0.274263813287845
15 rs4575483 96132119 0.02642 0.120845051647474
15 rs4984594 96132521 0.03787 0.212582690606322
15 rs8039954 96133934 0.06988 0.340605433805678
15 rs6496125 96135977 0.02004 0.031169044002524
15 rs17580697 96136319 0.9534 0.748163963143964
15 rs7178818 96136812 0.101 0.242985126095109
15 rs4563000 96137035 0.09052 0.220257875777656
15 rs4580104 96137254 0.09399 0.2314227284241
15 rs4581667 96137908 0.1065 0.255757198349532
15 rs17502675 96138836 0.0001609 0.000260765223509663
15 rs4381543 96138901 0.1087 0.255757198349532
15 rs2397806 96139140 0.09981 0.256159808415641
15 rs17580906 96139484 0.1061 0.296549880712174
15 rs74032201 96139593 0.8746 0.724511004233907
15 rs7177936 96140324 0.299 0.665558178930336
15 rs7177080 96140403 0.005893 0.00418315733721868
15 rs10520789 96141867 0.0757 0.221990612685921
15 rs57908571 96142831 0.0001445 9.80089076652725e-05
15 rs62020464 96143129 0.0001589 0.000137156767685387
15 rs41374846 96143559 1.654e-07 3.43165411740512e-09
15 rs59125351 96144157 7.519e-08 3.22850785492646e-10
15 rs8035562 96144966 0.1283 0.108302928038546
15 rs8035878 96145098 0.0007981 6.92827692909136e-05
15 rs8034529 96145134 0.0002116 1.52396931782753e-05
15 rs8034831 96145224 0.0005343 4.43681720539181e-05
15 rs8036214 96145329 0.0003447 2.88765886579527e-05
15 rs8035311 96145331 0.0003447 2.88765886579527e-05
15 rs57338613 96145504 0.0003447 2.88765886579527e-05
15 rs8040034 96146026 0.0003447 2.88765886579527e-05
15 rs11858442 96146101 0.9674 0.479770735486154
15 rs17581137 96146414 9.732e-09 1.38378488460538e-10
15 rs10852039 96146684 0.0002011 1.54885467443084e-05
15 rs7165153 96147390 0.1429 0.244504316328399
15 rs6496126 96148439 1.256e-08 1.81443312328936e-10
15 rs2397810 96148765 1.256e-08 1.81443312328936e-10
15 rs7178971 96149349 0.0003309 2.71299829749737e-05
15 rs2397808 96150590 0.2065 0.174523112681858
15 rs62020466 96150704 0.813 0.597596989947776
15 rs10520790 96151040 1.136e-07 3.57132585022625e-10
15 rs55804812 96151256 1.326e-07 4.17816738967787e-10
15 rs10520791 96151260 0.0002278 1.62534213053709e-05
15 rs10520792 96151914 0.2278 0.194429277705895
15 rs7175369 96152191 0.2278 0.194429277705895
15 rs62020467 96152785 0.2029 0.157311243592652
15 rs62020468 96152789 0.2029 0.157311243592652
15 rs62020469 96153077 0.1313 0.230922254258891
15 rs16975389 96153782 1.791e-07 5.80113400441454e-10
15 rs8025611 96154299 0.0002888 1.98723325739864e-05
15 rs12593086 96154502 0.9671 0.595223467105147
15 rs4321143 96156368 0.2369 0.204162863509493
15 rs4537968 96157365 0.0002888 1.98723325739864e-05
15 rs7162535 96158598 0.2369 0.204162863509493
15 rs16975396 96158705 2.611e-07 9.59178682654451e-10
15 rs7163129 96158885 0.1986 0.173738873653917
15 rs11073440 96158994 0.0002783 1.98723325739864e-05
15 rs4338745 96159270 0.000387 3.41439299242165e-05
15 rs7164160 96159374 0.1986 0.173738873653917
15 rs7167725 96159761 0.0005112 4.28931541131639e-05
15 rs17503428 96160660 0.0003629 2.59481192034214e-05
15 rs62020470 96161065 0.2019 0.193210553705273
15 rs12595535 96161529 0.0003629 2.59481192034214e-05
15 rs12595580 96161716 0.9495 0.515590824268665
15 rs12593084 96161743 0.9495 0.515590824268665
15 rs62020471 96161851 0.9495 0.515590824268665
15 rs28673518 96162214 0.0922 0.308386112192801
15 rs16975408 96162426 0.0922 0.308386112192801
15 rs77619251 96163087 0.8508 0.739764118151275
15 rs7165521 96163140 0.9495 0.515590824268665
15 rs16973982 96163158 0.0922 0.308386112192801
15 15:96163230 96163230 0.971 0.539176443362845
15 rs7170179 96163512 0.9443 0.586451351490731
15 rs6496127 96164290 0.000374 2.7541206429015e-05
15 rs7166949 96165292 0.9403 0.586451351490731
15 rs7173415 96165602 0.0004476 3.1290490535938e-05
15 rs7173429 96165625 0.9403 0.586451351490731
15 rs11854008 96166262 0.814 0.645257495887486
15 rs28552705 96166941 0.1037 0.328068769144278
15 rs7180862 96167216 0.9403 0.586451351490731
15 rs11855715 96167504 0.8647 0.636854282003395
15 rs11852492 96167544 0.8647 0.636854282003395
15 rs11855698 96167713 0.8647 0.636854282003395
15 rs4544201 96167827 1.317e-07 5.14740771903593e-10
15 rs4628911 96167905 1.317e-07 5.14740771903593e-10
15 rs6496128 96168303 1.317e-07 5.14740771903593e-10
15 rs74371750 96168342 0.8444 0.608075257957678
15 rs8029996 96168770 1.317e-07 5.14740771903593e-10
15 rs2397819 96169444 0.0002941 2.36365692104588e-05
15 rs2397820 96169461 0.0003216 2.36124142763432e-05
15 rs4551988 96169589 1.317e-07 5.14740771903593e-10
15 rs55790747 96169774 0.8647 0.636854282003395
15 rs74918319 96170043 0.8444 0.608075257957678
15 rs11857807 96170093 0.8647 0.636854282003395
15 rs11854566 96170189 0.0003018 1.89828394082751e-05
15 rs11857783 96170238 0.8647 0.636854282003395
15 15:96170245 96170245 0.878 0.586451351490731
15 rs10520794 96170479 0.0003983 3.80171295177624e-05
15 rs13329341 96170743 0.0003472 2.93433735100786e-05
15 rs58878263 96171069 1.739e-07 6.36076890118905e-10
15 rs62020505 96171074 0.06168 0.216678687260666
15 rs62020506 96171209 0.8279 0.638616543084438
15 rs13329454 96172316 0.06881 0.23709548703534
15 rs4561414 96172324 0.7092 0.71742386326036
15 rs13329139 96172443 0.1029 0.336059449120902
15 rs56084825 96173910 0.9964 0.468912233054798
15 rs62020508 96173918 0.7537 0.575102991373537
15 rs12101644 96174014 0.1029 0.336059449120902
15 rs12102186 96174104 0.1029 0.336059449120902
15 rs8039118 96174315 0.0003405 2.67049526563182e-05
15 rs8040665 96175692 1.994e-07 7.35550601830419e-10
15 15:96175733 96175733 1.774e-07 5.22364202924746e-10
15 rs8040298 96176048 0.0003209 1.95466643300678e-05
15 rs8040168 96176096 1.774e-07 5.22364202924746e-10
15 rs13379908 96176302 0.9742 0.470073700564069
15 rs8025061 96176965 0.0001584 7.35087964222365e-06
15 rs17504029 96177670 2.823e-08 1.89972733355777e-09
15 rs16975446 96177806 0.000251 3.83224931508844e-06
15 rs4433763 96178751 4.343e-09 1.36936346777489e-10
15 rs4321146 96178816 0.001206 1.30017970932819e-05
15 rs3996842 96178859 0.0003018 4.95785153655891e-06
15 rs2397804 96179023 0.001265 1.32378149584502e-05
15 rs2006950 96179390 7.782e-09 3.79710854700155e-10
15 rs76538797 96179966 0.6754 0.791030903752355
15 rs28508377 96180740 0.833 0.67696862732636
15 rs62020509 96180749 0.03217 0.157387173361873
15 rs4622461 96180904 0.0001387 2.08068114333584e-06
15 rs4441220 96180919 0.000259 1.63253236703064e-05
15 rs17504257 96181415 0.008218 0.00587495336331856
15 rs12594678 96181725 0.08775 0.057226184385506
15 rs11857370 96181903 0.9324 0.850115951628457
15 rs11073442 96181941 0.07859 0.0860455269612828
15 rs10852040 96182038 0.07548 0.0938808575107098
15 rs12594708 96182066 0.6973 0.281973643167601
15 rs10852041 96182130 0.04389 0.0486685305633435
15 rs117071511 96182345 0.6379 0.46560745129459
15 rs7175422 96182369 0.04005 0.0402784405425903
15 rs7175594 96182422 0.009766 0.00516305422329924
15 rs11858211 96182770 0.05729 0.0292557192046235
15 rs7180731 96182863 0.01711 0.0074776488911453
15 rs11858239 96182866 0.06133 0.0348060464923947
15 rs7179625 96183038 0.03409 0.025519967898738
15 rs16975467 96183088 0.008454 0.00493139000343821
15 rs55849417 96183262 0.06529 0.0380357578902109
15 rs16975468 96183468 0.0118 0.00662952971400906
15 rs4984595 96183699 0.035 0.0262121036368021
15 rs11852498 96183947 0.07184 0.042058006254185
15 rs7163576 96184014 0.03336 0.0225164699692175
15 rs11073443 96184927 0.03336 0.0225164699692175
15 rs11073444 96185757 0.03054 0.0177910876429036
15 rs74938109 96185830 0.8066 0.63149152263798
15 rs80229133 96186159 0.5177 0.452003399833892
15 rs7167258 96186367 0.03552 0.0206770956415374
15 rs62020510 96186414 0.003388 0.0384884628173948
15 rs72762608 96186432 0.01161 0.00558552406677406
15 rs62020511 96186526 0.003388 0.0384884628173948
15 rs7170613 96186597 0.07656 0.0296647318154377
15 rs12906267 96186627 0.03163 0.0183804692200442
15 rs12906005 96186731 0.03163 0.0183804692200442
15 rs75235016 96186907 0.6536 0.592168325385517
15 rs17504636 96187805 0.7845 0.61441194264769
15 rs4288948 96188172 0.7077 0.693711828593363
15 rs1442417 96188185 0.04534 0.0223962941600474
15 rs77676004 96188236 0.608 0.550326330943155
15 rs12232372 96188705 0.8851 0.248746806116749
15 rs76277421 96188739 0.5423 0.336563205360731
15 rs4984596 96188923 0.6886 0.598150132841559
15 rs10520796 96189263 0.5552 0.340654119761527
15 rs62020512 96189302 0.7137 0.962401369918229
15 rs1807898 96189551 0.2853 0.309203180067773
15 rs1867046 96190454 0.3611 0.538638804258079
15 rs16975484 96190640 0.005945 0.00477151674107669
15 rs1442418 96190655 0.4736 0.62072260303048
15 rs1837919 96191535 0.1561 0.246733642198618
15 rs2397821 96191668 0.7813 0.755904531977738
15 rs16973991 96192346 0.4881 0.326695397000437
15 rs1867047 96192933 0.02982 0.0369231235563188
15 rs8026730 96193326 0.3611 0.268279854024752
15 rs11856883 96193585 0.02982 0.0369231235563188
15 15:96194569 96194569 0.3481 0.256147498777853
15 rs11856428 96194845 0.009433 0.0121484900140901
15 rs8028739 96195106 0.3481 0.256147498777853
15 rs56215559 96195882 0.562 0.397503472887406
15 rs7172984 96195993 0.4633 0.600020966839862
15 rs2397822 96196117 0.3481 0.256147498777853
15 rs7173276 96196394 0.9676 0.973526148490843
15 rs1372640 96196477 0.02971 0.026935204292043
15 rs1372641 96196533 0.01782 0.0127406446407199
15 rs11854710 96196672 0.0093 0.0130223903535663
15 rs11858381 96196885 0.3384 0.244746888704059
15 rs8040452 96197257 0.322 0.233708257830031
15 rs17505133 96197755 0.05494 0.0649448094510097
15 rs78540225 96197790 0.01231 0.0186954530677314
15 rs72762615 96198701 0.6643 0.206754481113293
15 rs74940700 96198785 0.01231 0.0186954530677314
15 rs6496131 96198858 0.3327 0.244746888704059
15 rs8031294 96199000 0.3327 0.244746888704059
15 rs12904783 96199131 0.04832 0.0563979203590515
15 rs12906287 96199292 0.04832 0.0563979203590515
15 rs34367722 96199491 0.05494 0.0649448094510097
15 rs16975493 96199816 0.05494 0.0649448094510097
15 rs78619866 96200381 0.01307 0.0186954530677314
15 rs7176736 96200430 0.02788 0.130498855227409
15 rs7180933 96200523 0.3348 0.232271174042742
15 rs10520799 96201031 0.01049 0.015633926807884
15 rs2397824 96202617 0.4502 0.599089567314213
15 rs12050622 96204578 0.05024 0.0563979203590515
15 rs4984451 96204987 0.4531 0.578309169803603
15 rs7174077 96205004 0.9223 0.680379738968746
15 rs4984600 96205095 0.4174 0.502152117151756
15 rs16975509 96206099 0.9359 0.784549593674123
15 rs7162867 96206572 0.4217 0.558815818930813
15 rs4984601 96207662 0.3178 0.211649216527727
15 15:96207757 96207757 0.9359 0.784549593674123
15 rs79152916 96207959 0.4715 0.967489698201764
15 rs72764065 96209061 0.656 0.170309101219758
15 rs76473426 96209147 0.01088 0.015633926807884
15 rs11854579 96209354 0.4155 0.520199843425865
15 rs16975515 96209977 0.01809 0.0139231050472839
15 rs7183610 96210249 0.05223 0.0765328716790742
15 rs78918576 96210444 0.01088 0.015633926807884
15 rs72764066 96211753 0.7963 0.336172403073649
15 rs7173883 96212333 0.4427 0.55981961116241
15 rs75139198 96213762 0.01303 0.0172249721008298
15 rs28578320 96213772 0.004279 0.00166483485449084
15 rs7163373 96214040 0.4427 0.55981961116241
15 rs113159970 96214230 0.04158 0.161242496970906
15 rs72764069 96214749 0.7211 0.190966625924568
15 rs62020535 96214864 0.6184 0.425226158702191
15 rs56254316 96215084 0.7211 0.190966625924568
15 rs6650538 96215094 0.05211 0.0723482850777013
15 rs7164937 96216000 0.3516 0.232989410893232
15 rs1442416 96216140 0.4491 0.599711074645951
15 rs1442415 96216254 0.2795 0.0845455378985808
15 rs1442414 96216286 0.4491 0.599711074645951
15 rs7167248 96216433 0.0499 0.053882266910553
15 rs16975518 96217126 0.6436 0.170309101219758
15 rs72764070 96217622 0.6123 0.154532944163191
15 rs6496132 96217831 0.6978 0.304946127328051
15 rs11858005 96218026 0.01473 0.0206888142034218
15 rs11858038 96218059 0.01744 0.0265912188288002
15 rs12595226 96218175 0.9801 0.375960067384669
15 rs7166920 96219503 0.8706 0.66788068024808
15 rs12910231 96221025 0.1481 0.08006886861086
15 rs13379752 96221226 0.05303 0.0236236713631451
15 rs1837920 96221632 0.4776 0.903832676338311
15 rs62020537 96222286 0.0498 0.0236236713631451
15 rs11856926 96223649 0.9875 0.862378633196096
15 rs62020538 96224013 0.05185 0.029107262312418
15 rs12906447 96224270 0.9484 0.816915814976717
15 rs12906573 96224314 0.3531 0.59245115861733
15 rs115899894 96224552 0.04595 0.0246240355293259
15 rs7167125 96224785 0.5839 0.853522977145935
15 rs4247092 96225221 0.952 0.907766562700126
15 rs72764075 96225579 0.05822 0.029791742760137
15 rs12442082 96225850 0.7153 0.840776738056864
15 rs12438895 96226126 0.5339 0.856190362647169
15 rs11073446 96226294 0.7575 0.795683612562024
15 rs17584220 96227411 0.115 0.090465389566147
15 rs12898856 96227920 0.952 0.907766562700126
15 rs62020539 96228555 0.05822 0.029791742760137
15 rs34559434 96229892 0.7954 0.751244351565932
15 rs36091441 96229965 0.8337 0.708398894238059
15 rs1992085 96230062 0.2422 0.0460150108560675
15 rs72764079 96230394 0.7196 0.803361496873552
15 rs35544332 96230473 0.115 0.090465389566147
15 rs35974115 96231079 0.115 0.090465389566147
15 rs4984452 96233382 0.115 0.090465389566147
15 rs17506039 96235169 0.06547 0.0350945439778645
15 rs17506074 96235366 0.1411 0.343665226578052
15 rs972265 96235577 0.8819 0.68711547505563
15 rs71396825 96236915 0.115 0.090465389566147
15 rs71396826 96236968 0.115 0.090465389566147
15 rs35717415 96237165 0.1304 0.103006944566239
15 rs1442412 96237678 0.8646 0.70839889423806
15 15:96237962 96237962 0.2243 0.0671169056857138
15 rs12594114 96238979 0.5357 0.754207584250483
15 rs12903841 96239277 0.1154 0.0949298886536678
15 rs12903641 96239445 0.1154 0.0949298886536678
15 rs2575438 96239719 0.5654 0.755594952945782
15 rs11857435 96240051 0.8286 0.32081158177777
15 rs2584237 96241430 0.4853 0.343894704430527
15 rs12899483 96241595 0.1154 0.0949298886536678
15 rs1822245 96242045 0.2368 0.248765021802253
15 rs71396827 96243636 0.1154 0.0949298886536678
15 rs1822246 96245020 0.1611 0.140447078689901
15 rs1372636 96245189 0.464 0.329462895922452
15 rs2397829 96245270 0.1154 0.0949298886536678
15 rs2575439 96245493 0.464 0.329462895922452
15 rs2584238 96246157 0.4313 0.600583883286668
15 rs28670798 96248345 0.1275 0.108022362686819
15 rs2575440 96248629 0.5015 0.330305604462148
15 rs2012110 96250179 0.3396 0.760082191460319
15 rs1808893 96250840 0.4021 0.559941367860957
15 rs1442413 96252090 0.4675 0.315455253706117
15 rs17506333 96253243 0.1114 0.0831364636900556
15 rs16975547 96255533 0.891 0.211667822980276
15 rs2639189 96256562 0.4675 0.315455253706117
15 rs2575414 96256620 0.2582 0.272293931774827
15 rs2567447 96257243 0.4949 0.640588215863269
15 15:96257703 96257703 0.1975 0.0999472139729394
15 rs16975552 96258945 0.9934 0.232518919417953
15 rs2639190 96259480 0.09505 0.186156226297111
15 rs12907118 96260841 0.1143 0.118380056306032
15 rs2639191 96261890 0.4524 0.661158943155656
15 rs2567446 96263982 0.6208 0.402666099972179
15 rs1436442 96264887 0.2878 0.461153091253781
15 rs2575418 96265006 0.5976 0.604879934611486
15 rs1369941 96265644 0.8012 0.3978144205548
15 rs1369942 96265985 0.8271 0.445916708778166
15 rs2567444 96266269 0.3087 0.519010369220425
15 rs7171424 96266446 0.07181 0.0339976389105661
15 rs2584240 96267139 0.001583 6.01137706307375e-05
15 rs4984604 96267515 0.1764 0.0994663964036951
15 rs2397970 96270194 0.2753 0.186235793308846
15 rs2584242 96271595 0.4095 0.502125317758395
15 rs2584243 96271908 0.3855 0.484120232186431
15 rs4984605 96272130 0.2436 0.119372351092904
15 rs35721827 96272716 0.2436 0.119372351092904
15 rs2567443 96273323 0.8491 0.535155892097606
15 rs2584244 96274556 0.4667 0.257440097004607
15 rs2567442 96275242 0.6862 0.732552181616483
15 rs2575433 96275457 0.8491 0.535155892097606
15 rs2567441 96275590 0.4773 0.582541453352471
15 rs2567440 96276516 0.6907 0.780399162547643
15 rs2639194 96276792 0.6907 0.780399162547643
15 rs2575432 96277393 0.4733 0.603994793094645
15 rs2639193 96283395 0.6025 0.488887890447855
15 rs2584245 96284261 0.5732 0.548377754262618
15 rs2575431 96284425 0.6052 0.736437508574085
15 rs2567439 96284580 0.5829 0.714004858559911
15 rs2575430 96284583 0.8079 0.635029412557769
15 rs7162250 96285629 0.09388 0.162510356827369
15 rs2575429 96285673 0.531 0.669267069443093
15 rs76658206 96285807 0.4848 0.844155582888471
15 rs34524501 96289064 0.09752 0.0999536272562259
15 rs2575415 96290460 0.2277 0.295058921331696
15 15:96290916 96290916 0.06449 0.129705768541604
15 rs12101532 96291400 0.2356 0.542596695641856
15 rs9806427 96291465 0.06859 0.136686264541578
15 rs7178891 96292129 0.06919 0.143975288270109
15 rs2639192 96292975 0.5138 0.668686405164121
15 rs2584227 96293042 0.5138 0.668686405164121
15 rs2060574 96293570 0.7878 0.999999999999999
15 rs11853651 96294287 0.06322 0.128013163447626
15 rs2584229 96294783 0.05122 0.0088810238581752
15 rs8025571 96294904 0.06322 0.128013163447626
15 rs8025900 96295104 0.06322 0.128013163447626
15 rs28549148 96296254 0.06322 0.128013163447626
15 rs28490195 96296264 0.06322 0.128013163447626
15 rs2567437 96296283 0.2396 0.340929643656869
15 rs16975590 96297050 0.236 0.325640442550436
15 rs12917406 96298442 0.08925 0.0909963031096947
15 rs2567436 96298822 0.2582 0.371932729844963
15 rs7173755 96299952 0.03547 0.0665239039357487
15 rs1372637 96300197 0.1427 0.109156229439737
15 rs2163506 96300903 0.2012 0.307386094445582
15 rs2567435 96301203 0.2114 0.337134015990768
15 rs2567434 96301260 0.2114 0.337134015990768
15 rs2639195 96301277 0.2114 0.337134015990768
15 rs58066677 96301974 0.7205 0.148529244432564
15 rs9972414 96302787 0.08739 0.0982624390408809
15 15:96302972 96302972 0.4581 0.62543502689661
15 rs9972422 96303368 0.09921 0.104880118587799
15 rs2575436 96303384 0.208 0.305995016714051
15 rs2567433 96304589 0.2733 0.369197055743607
15 rs34567257 96304856 0.116 0.117308762080566
15 rs1372639 96306149 0.5217 0.691626766583344
15 rs1372638 96306153 0.4344 0.359393510051163
15 rs28495167 96306882 0.5946 0.924382642429314
15 rs2639197 96306954 0.5336 0.71476687207747
15 rs2584231 96307034 0.2537 0.352010066794623
15 rs16975604 96307621 0.5946 0.924382642429314
15 rs12050560 96308221 0.5946 0.924382642429314
15 rs2584232 96308690 0.44 0.346950323227278
15 rs34169297 96308707 0.05506 0.126339036762001
15 rs28672859 96309182 0.5946 0.924382642429314
15 rs2567432 96309205 0.5167 0.714513618732093
15 rs1836881 96310076 0.2619 0.3682784435156
15 rs2397971 96310719 0.1267 0.231944438170994
15 rs2639198 96311259 0.4232 0.333331377058769
15 rs2164518 96311424 0.5946 0.924382642429314
15 rs2575424 96312622 0.2487 0.381314987144358
15 rs2639199 96313986 0.2713 0.357065885362475
15 rs2584233 96313991 0.2713 0.357065885362475
15 rs4984607 96314174 0.1497 0.180615033512793
15 rs1968409 96314316 0.1738 0.287372657385694
15 rs1968408 96314617 0.2185 0.34827030429423
15 rs1541995 96316457 0.1465 0.170043656357227
15 rs12905352 96317260 0.1465 0.170043656357227
15 rs2575427 96317263 0.7431 0.878401731477673
15 rs7169835 96317357 0.2253 0.383399183178166
15 rs2575428 96317467 0.7431 0.878401731477673
15 rs67524829 96317636 0.2253 0.383399183178166
15 rs2639200 96317838 0.7431 0.878401731477673
15 rs12442365 96317983 0.2253 0.383399183178166
15 rs6496136 96319875 0.1878 0.276713711316253
15 rs2584234 96321500 0.6577 0.806620388846569
15 rs12439562 96321590 0.2253 0.383399183178166
15 rs7179220 96322277 0.1995 0.319925971564798
15 rs12437634 96322790 0.1878 0.276713711316253
15 rs2639201 96323645 0.3703 0.536790702444411
15 rs2567430 96324672 0.7098 0.806442688337728
15 rs2567429 96325059 0.3703 0.536790702444411
15 rs11073449 96325135 0.1995 0.319925971564798
15 rs2567428 96325454 0.8038 0.926994654554695
15 rs2567427 96325591 0.001957 4.49113203477156e-05
15 rs11856995 96325643 0.1442 0.161622124047304
15 rs2584235 96330639 0.3454 0.477951769203122
15 rs11858405 96331346 0.1232 0.0912815921498289
15 rs12901540 96332408 0.1386 0.151910663325131
15 rs2567426 96332861 0.3454 0.477951769203122
15 rs11852366 96335077 0.2253 0.383399183178166
15 rs2584236 96335834 0.7146 0.854466843916066
15 rs4984608 96335890 0.1386 0.151910663325131
15 rs4424871 96336138 0.1995 0.319925971564798
15 rs17514310 96336397 0.133 0.0912815921498289
15 rs2567462 96337501 0.8734 0.859201351793062
15 rs2575434 96338363 0.7726 0.902675210158589
15 rs16975638 96339668 0.1995 0.319925971564798
15 rs55647543 96339829 0.3594 0.36740297959809
15 rs16975644 96341764 0.7653 0.219997268072441
15 rs2567458 96341849 0.7146 0.854466843916066
15 rs16975649 96343835 0.5898 0.145654100905967
15 rs1369945 96344184 0.7708 0.926994655147156
15 rs2639172 96344577 0.8301 0.975634521849491
15 rs2639173 96344655 0.8301 0.975634521849491
15 rs2567457 96344727 0.2739 0.489756883800463
15 rs2639174 96344974 0.7708 0.926994655147156
15 rs2639175 96345075 0.8301 0.975634521849491
15 rs2567456 96345844 0.2211 0.413930372236149
15 rs2567455 96345861 0.7708 0.926994655147156
15 rs11073450 96346544 0.1228 0.143441950167433
15 rs2567454 96348805 0.9173 0.905942141074222
15 rs4984609 96349079 0.1228 0.143441950167433
15 rs2639176 96349433 0.7708 0.926994655147156
15 rs1369944 96349926 0.1278 0.0912815921498293
15 rs12440565 96350500 0.6345 0.868836449001407
15 rs2575419 96352456 0.2483 0.433011424563969
15 rs34636500 96353983 0.1228 0.143441950167433
15 rs76693972 96354957 0.09377 0.468700700893166
15 rs35336871 96357133 0.1228 0.143441950167433
15 rs11631142 96357169 0.6345 0.868836449001407
15 rs4984455 96357991 0.1228 0.143441950167433
15 rs2397972 96358652 0.6345 0.868836449001407
15 rs2639178 96360528 0.9035 0.882683134895452
15 rs2575420 96361728 0.232 0.449388886514848
15 rs2575421 96362807 0.776 0.902675202681048
15 rs2567453 96365150 0.6166 0.73691151598841
15 rs2567452 96366704 0.8541 0.859565272773938
15 rs2567451 96366802 0.7906 0.791066541608667
15 rs2567450 96367025 0.7906 0.791066541608667
15 rs16975671 96367161 0.6697 0.868041766986587
15 rs2575423 96368106 0.6717 0.78341583446385
15 rs12441908 96370118 0.6697 0.868041766986587
15 rs16975676 96370701 0.7378 0.955966810099916
15 rs2567449 96371166 0.6075 0.73691151598841
15 rs744738 96372629 0.6697 0.868041766986587
15 rs67407650 96373148 0.7378 0.955966810099916
15 rs12909243 96373775 0.3206 0.303187263214512
15 rs67010803 96374635 0.6697 0.868041766986587
15 rs16975688 96375256 0.7378 0.955966810099916
15 rs2639181 96377019 0.7267 0.745455342493817
15 rs2639182 96378479 0.6857 0.701974686323227
15 rs2639183 96378537 0.6865 0.723690087579738
15 rs16975700 96379923 0.08611 0.100299568726231
15 rs2639184 96380569 0.7566 0.790533981340338
15 rs34992592 96380753 0.08611 0.100299568726231
15 rs1025627 96383112 0.1872 0.364554387823926
15 rs67964827 96383992 0.6611 0.956622410088118
15 rs1025628 96384028 0.9529 0.559970770123118
15 rs2639185 96384744 0.1728 0.315684305623496
15 15:96389640 96389640 0.05566 0.0620400534627257
15 15:96389826 96389826 0.09779 0.13258583053545
15 rs4984458 96392021 0.1279 0.190286250834606
15 rs35504206 96392333 0.1207 0.179722296607259
15 rs2639186 96393252 0.2945 0.398074941212939
15 rs2575425 96397777 0.005609 0.000338282388776584
15 rs1436447 96399120 0.1256 0.0180928832513387
15 rs748666 96400537 0.2348 0.0640155741914994
15 rs1369943 96402314 0.07711 0.0120053521200076
15 rs16975713 96402378 0.08554 0.0164434994522576
15 rs2639187 96403310 0.1378 0.0217527433627074
15 rs10520801 96403787 0.2052 0.0643144777624181
15 rs16975723 96403880 0.08356 0.014603576202962
15 rs72633210 96404219 0.09523 0.0180057573205893
15 rs16975725 96404548 0.09523 0.0180057573205893
15 rs12906344 96405097 0.1223 0.179721515595925
15 rs2575426 96405795 0.7247 0.423750573335476
15 rs8023334 96407299 0.8349 0.38919283021871
15 15:96408476 96408476 0.4898 0.107452811403631
15 rs55932223 96408669 0.7733 0.34759992722071
15 rs2567448 96409407 0.9167 0.930347888182506
15 rs12592796 96409603 0.8258 0.788047430311115
15 rs60378263 96411360 0.07525 0.163016478509535
15 rs2289120 96413043 0.9696 0.953334233175849
15 rs62010845 96414191 0.2836 0.0648341096871267
15 rs55754487 96414881 0.9603 0.963893872009523
15 rs55782089 96415231 0.9419 0.643297115288581
15 rs72765967 96415628 0.9256 0.746967199669089
15 rs56356845 96415706 0.9121 0.767799890128955
15 rs3926171 96417322 0.8585 0.692213315395274
15 rs764761 96419244 0.5917 0.672969688107673
15 rs34070981 96419508 0.9541 0.735796641766353
15 15:96419749 96419749 0.4814 0.277226081940605
15 rs16975755 96419855 0.7147 0.968370151500547
15 rs6496138 96420628 0.5691 0.37861824178526
15 rs8030763 96420697 0.9412 0.72625643943176
15 rs74032301 96421104 0.3792 0.202340964122726
15 rs28649953 96421316 0.3182 0.22639898137476
15 rs9989352 96422561 0.3182 0.22639898137476
15 rs72765981 96422840 0.3581 0.614510475495403
15 rs17588270 96423438 0.2712 0.652460343392707
15 rs74533182 96423884 0.3567 0.640987963647631
15 rs4984460 96424399 0.2151 0.311070042138531
15 15:96424911 96424911 0.517 0.866506804683602
15 rs76925415 96425846 0.8673 0.493500740743911
15 rs75033416 96425865 0.3359 0.584158865152388
15 rs17588404 96426039 0.5752 0.84464250829702
15 rs28478798 96426411 0.5908 0.866506803444574
15 rs896070 96428860 0.3715 0.61128382720905
15 rs7496118 96429673 0.5884 0.291821159558787
15 rs4984461 96430217 0.8699 0.694049665991831
15 rs79948898 96430304 0.3925 0.669037595584578
15 rs725213 96430634 0.836 0.627352847844308
15 rs11855911 96432433 0.5202 0.911049010306766
15 rs16975766 96432446 0.9454 0.563331307493338
15 rs12438237 96432912 0.7729 0.587497216116414
15 rs28593476 96433214 0.8969 0.52730146737117
15 rs28559913 96433985 0.4229 0.504679161609521
15 rs11858879 96435324 0.402 0.233569709165232
15 rs4505255 96435640 0.5988 0.955385352139638
15 rs7172954 96436880 0.6447 0.933121747956091
15 rs79179427 96436891 0.104 0.413603134667381
15 rs7173335 96437090 0.6568 0.955350438076038
15 rs7173356 96437121 0.6568 0.955350438076038
15 rs76500465 96437189 0.3087 0.555793156251026
15 rs7175262 96437327 0.6568 0.955350438076038
15 rs4362342 96438545 0.3988 0.470234869470081
15 rs1450494 96439479 0.3934 0.433565623635066
15 rs1450493 96439523 0.3818 0.417912959566805
15 rs1450492 96439554 0.4143 0.450397418707809
15 rs955643 96440253 0.3324 0.386657491027296
15 rs10459686 96440700 0.9734 0.665388086300097
15 rs10459687 96440877 0.9209 0.705916579028767
15 rs1376112 96440915 0.8275 0.608303885412983
15 rs949745 96441388 0.9734 0.665388086300097
15 rs60267712 96441746 0.3832 0.210391343551957
15 rs56928839 96442127 0.4163 0.432404305276303
15 rs57101659 96443329 0.4303 0.210391343551957
15 rs12438980 96444420 0.7173 0.524094448652466
15 rs16975781 96444460 0.4303 0.210391343551957
15 rs79675675 96446397 0.5686 0.922073467243969
15 rs12440046 96446579 0.7695 0.901372981998925
15 rs11858348 96446661 0.3832 0.210391343551957
15 rs11858431 96446893 0.3716 0.18998852599406
15 rs62008074 96447881 0.3665 0.210391343551957
15 rs76116316 96448493 0.3008 0.733964275139394
15 rs12438658 96448889 0.1412 0.421442865589554
15 rs4321148 96449449 0.8494 0.61437308191715
15 rs59285941 96449933 0.9683 0.587146345093733
15 rs7162291 96451469 0.6896 0.919900081105078
15 rs17516976 96452800 0.4469 0.436262626598421
15 rs66803474 96454269 0.3637 0.414513914445805
15 rs72765998 96454395 0.1102 0.148036243036632
15 rs78836794 96454865 0.5114 0.530881778675284
15 rs16975794 96455551 0.4866 0.644392278583695
15 rs72765999 96455967 0.08096 0.0249097057202068
15 rs12440955 96456726 0.4716 0.678367773554513
15 rs1450488 96457587 0.4487 0.167187306655962
15 rs73463254 96457937 0.3154 0.381732916956123
15 rs62008077 96458964 0.9754 0.7565270597
15 rs17517092 96460704 0.4448 0.176689644449718
15 rs62008078 96460899 0.4549 0.185162708338071
15 rs57982611 96462707 0.4623 0.718144769691168
15 rs8042842 96463400 0.4966 0.196084053561031
15 rs12916136 96464805 0.4298 0.18516270833807
15 rs8042185 96464996 0.05739 0.0144751393747954
15 rs16975796 96465788 0.9159 0.850115601002214
15 rs62008079 96465928 0.9159 0.850115601002214
15 rs16975798 96465966 0.9159 0.850115601002214
15 rs1078955 96466175 0.5968 0.508393553522417
15 rs2084608 96466326 0.2906 0.442789746353458
15 rs4430696 96466936 0.5844 0.549668259956301
15 rs12592888 96467872 0.5552 0.775728579411816
15 rs1901139 96468386 0.5428 0.754187871596445
15 rs11855788 96468932 0.5292 0.732663541697647
15 rs8030073 96469634 0.3571 0.529879791426545
15 rs12904696 96469833 0.4577 0.627351807177964
15 rs8036556 96470490 0.4859 0.647469293331267
15 rs79454092 96471032 0.3194 0.756399884955485
15 rs7176338 96471118 0.3912 0.44915553854049
15 rs11073452 96471748 0.1194 0.191206123486063
15 rs4984464 96472627 0.2479 0.613634238775303
15 rs7168291 96473296 0.1356 0.348629487514714
15 rs7168486 96473395 0.1718 0.257358849429829
15 rs16975830 96473734 0.1142 0.276943593104181
15 rs10520802 96474791 0.2875 0.744191389830996
15 rs56385209 96477711 0.4788 0.779205641013582
15 rs16975846 96479224 0.298 0.72644596806474
15 rs11073453 96479540 0.4712 0.864328330907116
15 rs28547890 96479756 0.4205 0.964541456540272
15 rs4601992 96482017 0.7262 0.836644161463996
15 rs8036932 96485168 0.532 0.776453758294428
15 rs28676647 96485833 0.3428 0.958198784982103
15 rs28555202 96488863 0.3414 0.410700184389213
15 rs921352 96492463 0.2122 0.41750350350008
15 rs36083253 96492593 0.3179 0.392209041832916
15 rs921353 96492668 0.2157 0.395800686937693
15 rs16975863 96493677 0.2391 0.385240187565844
15 rs12900543 96493823 0.2889 0.363807838285587
15 rs61688121 96494344 0.3325 0.37174607234481
15 rs16975866 96494632 0.363 0.422937828997025
15 rs1450490 96495126 0.2068 0.337305438905041
15 rs17535843 96497729 0.2407 0.630475485186942
15 rs35562312 96500358 0.3936 0.478677960634623
15 rs28651958 96504115 0.317 0.172681684348251
15 rs28428583 96504205 0.1942 0.156475173911202
15 rs4984469 96505094 0.6138 0.380153168934297
15 rs1947263 96505885 0.5489 0.44729115046962
15 rs6496142 96506385 0.5489 0.44729115046962
15 rs12909290 96506425 0.6635 0.513350839389191
15 rs6496143 96506609 0.5489 0.44729115046962
15 rs78447850 96508609 0.8214 0.901036406447826
15 rs16975873 96510059 0.8556 0.865775910975999
15 rs28403467 96510464 0.8196 0.900179598240236
15 rs16975874 96510504 0.9055 0.83553694908139
15 rs28673200 96510550 0.8143 0.966706662693314
15 rs28587121 96510690 0.8892 0.942317652047005
15 rs9944286 96511072 0.7845 0.762384666218954
15 rs9302334 96511463 0.8203 0.91010555800685
15 rs28607724 96512605 0.6409 0.631397422554678
15 rs12908007 96512850 0.7192 0.799568957739196
15 rs1562811 96513161 0.7709 0.874757282984223
15 rs1562812 96513174 0.6663 0.874369795096458
15 rs9944237 96513251 0.6663 0.874369795096458
15 rs1562813 96513890 0.7709 0.874757282984223
15 rs77849570 96514501 0.8068 0.965611470485174
15 rs12909629 96514838 0.7192 0.799568957739196
15 rs3996564 96515602 0.7709 0.874757282984223
15 rs2398096 96516134 0.9008 1
15 rs896067 96516173 0.7918 1
15 rs1868720 96517427 0.6503 0.803331468965947
15 rs11073454 96517594 0.6503 0.803331468965947
15 rs8031975 96517875 0.7406 0.859512993755897
15 rs8032571 96517977 0.7406 0.859512993755897
15 rs958856 96518984 0.6685 0.830965436423587
15 rs1868721 96519673 0.8483 0.906473609868713
15 rs8023338 96519797 0.6685 0.830965436423587
15 rs971592 96522475 0.36 0.361839003085352
15 rs66525740 96525645 0.1433 0.249622364153543
15 rs16975924 96526342 0.4569 0.45614882521852
15 rs12592227 96526685 0.5055 0.513394032402404
15 rs12592953 96528345 0.3814 0.364371952828418
15 rs16975932 96530026 0.6233 0.569185459892958
15 rs17591838 96530804 0.5473 0.458239428464192
15 rs16975933 96530880 0.6933 0.727519116852031
15 rs12901876 96533155 0.8414 0.714694935240514
15 rs4984473 96533457 0.7579 0.764489049145399
15 rs12592241 96534006 0.8664 0.820426983300544
15 rs10431836 96536387 0.6867 0.777824487229368
15 rs10431837 96536398 0.6867 0.777824487229368
15 rs3886173 96537059 0.8593 0.93237864772938
15 rs4984419 96543074 0.879 1
15 rs8027225 96545173 0.7118 0.688857588266815
15 rs12441889 96545762 0.4348 0.658761003754766
15 rs11639477 96547549 0.5329 0.740560634173641
15 rs9646222 96548438 0.5082 0.719215349743946
15 rs9646223 96548451 0.5082 0.719215349743946
15 rs7170656 96549225 0.811 0.949919969358276
15 15:96551242 96551242 0.699 0.798907188572467
15 rs16975938 96551859 0.8877 0.923886772999828
15 rs1450496 96552252 0.4239 0.687052901066489
15 rs7496154 96552606 0.5516 0.772613244164949
15 rs1450495 96552691 0.518 0.724238838636048
15 rs12595139 96553697 0.7706 0.848009648687683
15 rs7179022 96553742 0.5763 0.501423876286324
15 rs28653196 96554084 0.6712 0.849220290071594
15 rs16975951 96554285 0.1695 0.268250671835926
15 15:96554992 96554992 0.2071 0.430286794306357
15 rs1476191 96555416 0.8682 0.909342872039894
15 rs1476190 96555499 0.9554 0.958760888205765
15 rs2122520 96555839 0.752 0.73451766296077
15 rs2122519 96555844 0.4589 0.61014487873257
15 rs4984475 96556533 0.8064 0.77351959662664
15 rs12900799 96556957 0.9739 0.842807569555846
15 rs1562810 96557382 0.6458 0.680730202053131
15 rs1562809 96557688 0.9855 0.864814457292282
15 rs1476188 96558152 0.477 0.448941867722097
15 rs4984476 96559661 0.7995 0.79518605818129
15 rs4984477 96559741 0.6014 0.416015276348145
15 rs12708556 96560688 0.4031 0.443438025554964
15 rs10520804 96560787 0.7614 0.773023508241258
15 rs11630520 96560990 0.6815 0.93288572492952
15 rs4984478 96561597 0.3796 0.460216387059375
15 rs11637200 96561894 0.7614 0.773023508241258
15 rs10852042 96563133 0.404 0.461220342717255
15 rs11633504 96563233 0.7007 0.966353298527046
15 15:96563312 96563312 0.404 0.461220342717255
15 rs17592581 96563815 0.7173 1
15 rs6496145 96564057 0.5428 0.717197424039218
15 rs6496146 96564464 0.5402 0.758504897540535
15 rs1026176 96564831 0.8514 0.70295410936105
15 rs74496613 96565221 0.9467 0.427247371964398
15 rs1962931 96565544 0.5138 0.531258666117693
15 rs1020501 96565598 0.5392 0.571961415609615
15 rs1020502 96565625 0.5138 0.531258666117693
15 rs56733427 96566148 0.4238 0.258722631505809
15 rs74549711 96566306 0.8122 0.932405799907608
15 rs28595546 96566314 0.8886 0.953532327948643
15 rs16975960 96566544 0.3518 0.228695945755975
15 rs11631349 96566578 0.4005 0.243704946377407
15 rs7170199 96566653 0.3673 0.376134999788184
15 rs11631697 96567213 0.4382 0.306950546015994
15 rs16975965 96567431 0.487 0.325164428187097
15 rs16975966 96567451 0.7805 0.966172351238169
15 rs2122518 96568234 0.8847 0.930170294811518
15 rs12708557 96568694 0.7995 0.884467744717192
15 rs78989383 96569940 0.7369 0.999999999999998
15 rs78959141 96570005 0.4739 0.360960246341863
15 rs16975975 96570292 0.7369 0.999999999999998
15 rs74032316 96571138 0.2263 0.19930329761554
15 rs7174849 96571452 0.7393 0.815545464297567
15 rs7179745 96571566 0.7288 0.815852742113246
15 rs7180889 96571579 0.7288 0.815852742113246
15 rs12914537 96572081 0.7288 0.815852742113246
15 rs10520805 96573142 0.7111 0.93240579817798
15 rs11852702 96573167 0.8204 0.932161932490403
15 rs4417514 96573507 0.7139 0.650197753932474
15 rs62009464 96574063 0.8659 0.723725681008024
15 rs11635327 96574913 0.8204 0.932161932490403
15 rs10520806 96575044 0.4145 0.321284083049762
15 rs16975990 96575282 0.8981 0.864572800917096
15 rs12441730 96575510 0.4001 0.303714992450622
15 rs2122521 96577215 0.9083 0.830874104079468
15 rs11639486 96577741 0.8304 0.89821342454054
15 rs12899075 96578215 0.7244 0.884757315211358
15 rs4439713 96578460 0.8868 0.831177156154634
15 rs75613248 96579515 0.8119 0.965675166429928
15 rs62009466 96579670 0.8403 0.68519326959505
15 rs2044800 96580586 0.4308 0.712458478893902
15 rs17593202 96581428 0.5748 0.800553305275714
15 rs62009467 96581533 0.6462 0.932647077104001
15 rs964330 96581736 0.6639 0.509274787632278
15 rs62009468 96582031 0.5255 0.900696310856936
15 rs8031307 96582526 0.7768 0.808985359813212
15 rs16976004 96582997 0.7466 0.837727965547941
15 15:96583154 96583154 0.6733 0.90219960684577
15 rs62009470 96583509 0.574 0.966353306329627
15 rs17521464 96583818 0.5692 0.899300181756625
15 rs62009472 96585504 0.701 0.933121961164087
15 rs7162843 96586552 0.3188 0.468502002927146
15 15:96588940 96588940 0.4793 0.298057982411746
15 rs8027673 96591255 0.999 0.748211461577095
15 rs10468115 96592354 0.5236 0.827750432331751
15 rs12914967 96593334 0.6009 0.737618319496368
15 rs4984480 96598351 0.2983 0.459557741134176
15 rs4984481 96598354 0.3011 0.496226367785723
15 rs4984482 96598417 0.9447 0.601253040437033
15 rs4984483 96598509 0.2804 0.424867765979751
15 rs4984484 96598655 0.4281 0.639418441422154
15 rs35142810 96598933 0.5692 0.770027153829637
15 rs34023215 96599148 0.2696 0.408748546724728
15 rs4984485 96599171 0.2696 0.408748546724728
15 rs4984486 96599246 0.2696 0.408748546724728
15 rs4984487 96599549 0.4272 0.660490437458768
15 rs4984488 96599620 0.2769 0.442209523916785
15 rs4984489 96599648 0.2576 0.393463435536085
15 rs7166988 96599711 0.3877 0.558815934765677
15 rs7166832 96599720 0.345 0.520199979867566
15 rs4984490 96599756 0.3791 0.599711607957424
15 rs7167496 96599784 0.337 0.503240481274491
15 rs6496151 96599952 0.3432 0.521619566402382
15 rs7167410 96599989 0.2237 0.362102598033208
15 rs6496152 96600121 0.3494 0.521972339391385
15 rs8029401 96600393 0.3654 0.560485970855152
15 rs12908866 96600980 0.3525 0.496981253759829
15 rs12442138 96601010 0.2471 0.409968881514278
15 rs8035693 96601168 0.2406 0.394281068902098
15 rs34992376 96601710 0.3967 0.600021421450047
15 rs34432689 96602738 0.2758 0.443005828320908
15 rs12900632 96603136 0.2833 0.461512262794221
15 rs4274390 96603199 0.604 0.86087606859154
15 rs16976032 96603600 0.556 0.131011149293167
15 rs4404021 96603806 0.4466 0.0592785243432308
15 rs7170551 96603894 0.5021 0.183219128561307
15 rs6496154 96604073 0.3876 0.119236727978601
15 rs6496155 96604084 0.3876 0.119236727978601
15 rs4329872 96604173 0.4931 0.0803372648856954
15 rs4313763 96604190 0.4931 0.0803372648856954
15 rs67552043 96604205 0.3587 0.483386634522611
15 rs4984420 96604653 0.3819 0.520557566044632
15 rs9806209 96605081 0.4653 0.556447876236857
15 rs7167272 96605147 0.6799 0.165158563911949
15 rs7166802 96605434 0.4818 0.0779965689063173
15 rs7166314 96605447 0.5843 0.101327579138844
15 rs7171187 96605620 0.692 0.176854050434634
15 rs11636633 96605869 0.795 0.20362970065006
15 rs11636705 96605912 0.581 0.323785433422747
15 rs11073456 96606032 0.692 0.176854050434634
15 rs8033847 96606050 0.6778 0.118161160882793
15 rs8034150 96606221 0.6475 0.108974292003711
15 rs8033463 96606369 0.5219 0.109483912361214
15 rs28557008 96607379 0.08515 0.00664274989282894
15 rs4984491 96607452 0.0628 0.0135652470607403
15 rs11629627 96608104 0.9633 0.770767192482826
15 rs11629694 96608137 0.3126 0.498101012012671
15 rs8029545 96608959 0.165 0.425052604295884
15 rs11073457 96609302 0.08819 0.284347569307772
15 rs4349098 96609821 0.5142 0.452673708435679
15 rs4375615 96611170 0.1331 0.191629473073624
15 rs12915758 96611461 0.6101 0.360773151871199
15 rs4247088 96611530 0.08275 0.15944753258577
15 rs4545764 96611582 0.6395 0.361323501097409
15 rs4377110 96611679 0.1554 0.228691648767659
15 rs16976057 96612108 0.1524 0.228691648767659
15 rs28447226 96613123 0.3641 0.311635476813728
15 rs11854024 96613445 0.1053 0.199823359109975
15 rs11073458 96613885 0.2506 0.249138996427364
15 rs11073459 96614118 0.2767 0.256921603370574
15 rs4984493 96615461 0.4027 0.300930529354503
15 rs7180145 96615692 0.02307 0.0642658190665011
15 rs4526971 96616506 0.02215 0.0642658190665011
15 rs3892590 96617073 0.805 0.460197456900832
15 rs4275806 96617081 0.04295 0.112804061404365
15 rs4076653 96617128 0.2667 0.110176184967244
15 rs8030101 96617914 0.1824 0.377710466946705
15 rs11857708 96618711 0.8248 0.778916696531499
15 rs10744969 96618734 0.155 0.293783937012506
15 rs56134834 96619288 0.6894 0.971936329938563
15 rs8041324 96619516 0.2425 0.129243509481495
15 rs4984494 96619857 0.2106 0.102461687075105
15 rs12901938 96621035 0.6349 0.397697375412404
15 rs11073460 96623631 0.2305 0.268789746666173
15 rs12440569 96623769 0.5052 0.802742329736708
15 rs8024569 96624263 0.1109 0.154486761986899
15 rs4497635 96624625 0.1957 0.25523251789607
15 rs57352458 96625783 0.769 0.905532303900966
15 rs4374122 96626177 0.5412 0.568831481981596
15 rs8027880 96629651 0.2817 0.316169617259268
15 rs34809629 96634829 0.5978 0.498472006368784
15 rs4984496 96635898 0.1831 0.123897197779227
15 rs4984497 96635899 0.1831 0.123897197779227
15 rs7171368 96637443 0.2039 0.131771774471298
15 rs7174546 96637569 0.07752 0.0486457247465989
15 rs7166321 96640322 0.5868 0.459948991358903
15 rs56023988 96640644 0.3865 0.283338815982105
15 rs7494919 96642985 0.2264 0.163595491176263
15 rs12899387 96643183 0.07003 0.236160175482016
15 rs4319713 96643452 0.2904 0.514021350037936
15 rs893305 96643674 0.2969 0.973108428921875
15 rs7169693 96644312 0.5523 0.790890029715058
15 rs7169450 96644465 0.5896 0.836467534190324
15 rs4533231 96644540 0.5125 0.745883271466395
15 rs11634893 96644606 0.569 0.795518406919165
15 rs12708558 96645182 0.5688 0.836747188890511
15 rs1036520 96645385 0.5523 0.790890029715058
15 rs1036519 96645410 0.8609 0.407268393980889
15 rs1036518 96645517 0.5523 0.790890029715058
15 rs7170032 96645972 0.5523 0.790890029715058
15 rs1036517 96646200 0.5523 0.790890029715058
15 rs7176084 96646478 0.5747 0.883086926505142
15 rs10852043 96646751 0.5367 0.790890029715058
15 rs12595032 96646798 0.9786 0.487684255030261
15 rs11073461 96646939 0.2776 0.493186145950302
15 rs11073462 96646943 0.2462 0.455590575633861
15 rs10520808 96647766 0.5365 0.906907395764713
15 rs4984499 96647793 0.4507 0.820427042964246
15 rs10520809 96648248 0.989 0.559454422815747
15 rs55763309 96648293 0.9794 0.560377817603416
15 rs11635717 96648537 0.9775 0.531719567600461
15 rs11630529 96648638 0.9477 0.553791815268088
15 rs11073463 96648687 0.3656 0.525527086693081
15 rs17523578 96648757 0.3524 0.505043618943423
15 rs12902643 96648947 0.338 0.262136937619061
15 rs4329873 96649229 0.4228 0.931329346141219
15 rs6496156 96650461 0.3891 0.840906001929764
15 rs8038717 96650727 0.8077 0.412772795011714
15 rs11857980 96654426 0.8863 0.465746557785975
15 rs4984422 96655388 0.4092 0.392582646753417
15 rs1437589 96655633 0.5589 0.999999999999994
15 rs1437590 96656097 0.3929 0.429477883676727
15 rs1437591 96656326 0.4334 0.862718604395473
15 rs72767782 96657460 0.6549 0.713930243347177
15 rs4984501 96658049 0.3532 0.374135766765442
15 rs72767787 96660761 0.681 0.690688336223548
15 rs7164587 96660830 0.4372 0.885518961412542
15 15:96662048 96662048 0.4464 0.908301107337353
15 rs72767790 96662367 0.6603 0.740779831296017
15 rs12439441 96662663 0.911 0.524055333722044
15 rs4470103 96662886 0.8296 0.46738602495631
15 rs11854567 96663136 0.8398 0.446538071638938
15 rs9806572 96663218 0.5545 0.347533231870098
15 rs11854596 96663233 0.9199 0.538718590122023
15 rs10520813 96664707 0.9818 0.52290563814024
15 rs10520814 96664870 0.9818 0.52290563814024
15 rs7178874 96665128 0.2525 0.686130375681926
15 rs35576280 96665585 0.5747 0.321745409362845
15 rs7162094 96665688 0.6322 0.352348602815713
15 rs11629876 96666402 0.837 0.259044835524842
15 rs11629846 96666466 0.7315 0.208246139815044
15 rs8034985 96667579 0.6363 0.288050915608547
15 rs2398149 96668375 0.9916 0.462002227608507
15 rs755391 96668434 0.6215 0.261422189543766
15 rs2004301 96668796 0.7512 0.551672324007033
15 rs2004300 96668810 0.7637 0.530698190021863
15 rs28657917 96669562 0.8956 0.408477175393329
15 rs12438005 96669607 0.2226 0.2318498021456
15 rs7165650 96669813 0.7562 0.887894008486318
15 rs6496159 96670333 0.5645 0.847727368052539
15 rs8032969 96670501 0.2287 0.11259133791349
15 rs35786374 96670585 0.4409 0.565061531560166
15 rs4500672 96670608 0.5796 0.730395418790542
15 rs4258560 96670669 0.5935 0.674536570709298
15 rs3948263 96670883 0.3905 0.709544026318486
15 rs2164757 96671173 0.4112 0.688577136708446
15 rs12441967 96671370 0.2575 0.886548185692275
15 rs981226 96671440 0.4485 0.487378757071185
15 rs6496160 96671557 0.4448 0.510567290357815
15 rs11073464 96671969 0.2428 0.830542118342029
15 rs7162174 96672859 0.2428 0.830542118342029
15 rs62011586 96673039 0.1006 0.236978767378867
15 rs1550232 96673131 0.2428 0.830542118342029
15 rs1550233 96673221 0.1144 0.603742575723667
15 rs12591869 96674267 0.3069 0.939828982993792
15 rs11852643 96674664 0.2428 0.830542118342029
15 rs11073465 96674757 0.2428 0.830542118342029
15 rs11634950 96674843 0.2428 0.830542118342029
15 rs1550234 96675578 0.1144 0.603742575723667
15 rs17524590 96676529 0.1003 0.236978767378867
15 rs11633247 96677389 0.275 0.8311755270246
15 rs62011587 96677487 0.3499 0.999999999999999
15 rs62011588 96677904 0.275 0.8311755270246
15 rs67949130 96677953 0.275 0.8311755270246
15 rs975218 96678024 0.09535 0.535974247910044
15 rs62011589 96678227 0.3069 0.939828982993792
15 rs975217 96678403 0.1171 0.580124817157031
15 rs34364277 96678500 0.116 0.536405890890645
15 rs62011590 96678579 0.206 0.620676355894261
15 rs34428157 96678891 0.1106 0.534670163351237
15 rs8027741 96679044 0.2183 0.719979316500803
15 rs8027612 96679065 0.1163 0.498030425392483
15 rs8029460 96679296 0.1574 0.675872013927713
15 rs8028148 96679303 0.1851 0.668273920729205
15 rs8028743 96679432 0.05688 0.381751602221673
15 rs62008577 96680014 0.1039 0.415722055303942
15 rs62008578 96680023 0.1039 0.415722055303942
15 rs72769708 96680114 0.1581 0.703461394660599
15 rs72769709 96680115 0.1581 0.703461394660599
15 rs62008579 96680193 0.1713 0.732276567862542
15 rs11633603 96681202 0.4764 0.715020490161565
15 rs12914356 96681344 0.1704 0.24985052382287
15 rs72769713 96681384 0.682 0.900179370179024
15 rs2398099 96681486 0.1704 0.24985052382287
15 rs2398100 96681636 0.3329 0.438450053124626
15 rs12899997 96682117 0.5202 0.426565463910133
15 rs4984502 96682283 0.0931 0.196694118554689
15 rs12148551 96682392 0.5286 0.69001821648601
15 rs7169014 96682745 0.0931 0.196694118554689
15 rs4984503 96683207 0.5374 0.448224510427209
15 rs2398148 96683384 0.0931 0.196694118554689
15 rs2895037 96683500 0.0931 0.196694118554689
15 rs4984423 96683502 0.0931 0.196694118554689
15 rs4984504 96683748 0.0931 0.196694118554689
15 rs7177156 96684411 0.3881 0.626788342011885
15 rs1036521 96684549 0.4098 0.62240581575413
15 rs1036522 96684647 0.1112 0.223604629386699
15 rs12906210 96685006 0.6075 0.820426945668177
15 rs12907607 96685092 0.5356 0.480534730051754
15 rs8038329 96686288 0.2803 0.505035039754494
15 rs4386090 96687356 0.3895 0.309102997034499
15 rs4547286 96687402 0.5663 0.219848191824432
15 rs766716 96688370 0.6741 0.343271066985612
15 rs4984505 96691651 0.2732 0.448483160789832
15 rs55908306 96692572 0.1711 0.235262079925159
15 rs56011340 96692741 0.1379 0.200718210746733
15 rs9920738 96693280 0.3442 0.336648078581397
15 rs12593344 96693802 0.1185 0.0307444018443339
15 rs12437483 96693928 0.5681 0.668158910126112
15 rs12912030 96694514 0.3825 0.405749699822864
15 rs7180331 96695201 0.4424 0.224828625192726
15 rs7179096 96695370 0.4663 0.223247738339177
15 rs34884018 96695723 0.2167 0.0950770996634467
15 rs12101819 96695734 0.9213 0.624016886233897
15 rs12101320 96695931 0.4197 0.198631911345026
15 rs12101308 96695964 0.4197 0.198631911345026
15 rs12708559 96696171 0.4113 0.198631911345026
15 rs12708560 96696204 0.4113 0.198631911345026
15 rs2033737 96696462 0.4113 0.198631911345026
15 rs12708561 96696473 0.4113 0.198631911345026
15 rs3743457 96696656 0.4113 0.198631911345026
15 rs3743458 96696838 0.4113 0.198631911345026
15 rs3743459 96696850 0.4113 0.198631911345026
15 rs3826034 96696945 0.4113 0.198631911345026
15 rs4984506 96697039 0.4113 0.198631911345026
15 rs4984507 96697345 0.2831 0.324345066549799
15 rs4984508 96697426 0.4113 0.198631911345026
15 rs8034846 96697657 0.4442 0.209635636933921
15 rs12910467 96698196 0.1484 0.165256790492257
15 rs727896 96698474 0.4113 0.198631911345026
15 rs727895 96698614 0.2017 0.0855225604655737
15 rs4984424 96699514 0.8644 0.553573351804225
15 rs11856262 96700349 0.8779 0.587983146891319
15 rs7170868 96700584 0.5266 0.246161183837582
15 rs961237 96700990 0.4455 0.333539475766128
15 rs2398150 96702976 0.7877 0.402756376907083
15 rs2398151 96703143 0.8552 0.467278787077354
15 rs1007328 96703373 0.7935 0.770217739649983
15 rs2118337 96703774 0.8434 0.467278787077354
15 rs4984510 96704300 0.8124 0.48769143149537
15 rs4984511 96704443 0.2138 0.219796503957169
15 rs4984512 96704448 0.2062 0.218666715482716
15 rs1007251 96705400 0.4492 0.554233974956031
15 rs4984425 96705724 0.4647 0.582190432748332
15 rs8030198 96705792 0.8124 0.48769143149537
15 rs35296828 96705907 0.2319 0.130206756913811
15 rs7176909 96707171 0.8123 0.793328582281882
15 rs8023580 96708291 0.2096 0.194617082665381
15 rs11853786 96709529 0.5183 0.610894192123297
15 rs16976295 96710126 0.3243 0.373480783133161
15 rs4984514 96712226 0.4145 0.401654325229998
15 rs12441559 96713340 0.9699 0.456944474287965
15 rs11637474 96713556 0.5873 0.557464641901906
15 rs4555108 96714047 0.5889 0.451686259515149
15 rs56332871 96714816 0.2739 0.235508426848459
15 rs76272776 96716144 0.5587 0.524246015610915
15 rs8034595 96719229 0.5976 0.821265630765535
15 rs980169 96720568 0.7396 0.700335321716372
15 rs980168 96720754 0.4705 0.185669539649596
15 rs6496163 96721093 0.7567 0.675781701081993
15 rs35901208 96721311 0.9613 0.787994158310303
15 rs10852044 96723084 0.6649 0.77306748420991
15 rs11638313 96723448 0.9558 0.49883861355324
15 rs1816629 96724361 0.6067 0.932284153968149
15 rs961229 96725043 0.02206 0.0174458125143972
15 rs8023731 96725829 0.4273 0.670424142123641
15 rs2018118 96726032 0.1915 0.0699643430759693
15 rs62008617 96726380 0.8565 0.712073282471806
15 rs35217492 96727094 0.4027 0.300548359749282
15 rs4984515 96728124 0.4586 0.275578685980318
15 rs4984516 96728163 0.6993 0.223290122406362
15 rs10162963 96728413 0.1435 0.0940096218298407
15 rs10162971 96728452 0.2465 0.177388196547547
15 rs10163091 96728495 0.08863 0.0647893557773178
15 rs11073466 96728521 0.2983 0.208464845773271
15 rs2278510 96728857 0.1873 0.14931175045696
15 rs2278509 96728981 0.1226 0.334862591035705
15 rs2278508 96729076 0.3229 0.606983628551393
15 rs1542015 96729286 0.3667 0.664658618509259
15 rs1542014 96729335 0.8206 0.336172571473007
15 rs1542013 96729393 0.3524 0.602957555279042
15 rs8026207 96729928 0.3279 0.537023764301039
15 15:96730214 96730214 0.3279 0.537023764301039
15 rs11073468 96730216 0.2988 0.227185411395713
15 rs12593942 96730378 0.3654 0.567227068906298
15 rs12592175 96730553 0.4864 0.72824258453504
15 rs12911982 96731890 0.8514 0.632319868640346
15 rs12898342 96733057 0.2132 0.544521446667547
15 rs12904887 96733985 0.5094 0.123783068379133
15 rs1837084 96734656 0.4173 0.155471195031308
15 rs2577022 96734947 0.2573 0.0749414647738314
15 rs2440685 96735560 0.2391 0.0692370134118782
15 rs2577028 96736626 0.555 0.91337362283892
15 rs2438139 96737869 0.3942 0.138165094879086
15 rs11858407 96738564 0.3941 0.248476576014857
15 rs972195 96741604 0.3782 0.113194553307651
15 rs2589232 96742581 0.5607 0.86922604998797
15 rs2577029 96742640 0.5471 0.86922604998797
15 rs1107227 96746400 0.2427 0.277145051122088
15 rs2576999 96747483 0.2427 0.277145051122088
15 rs12595495 96748049 0.2427 0.277145051122088
15 rs2589231 96749567 0.6975 0.275597489863978
15 rs2589229 96750351 0.3112 0.103119897343704
15 rs10852045 96750580 0.0343 0.0295440993853885
15 rs2577000 96752941 0.2823 0.311842431480747
15 rs2577001 96754154 0.272 0.277165768940247
15 rs2589228 96757477 0.152 0.0342080328816902
15 rs2577025 96757582 0.285 0.110840853418777
15 rs74702350 96758020 0.2823 0.407978142653662
15 rs4984517 96758093 0.2866 0.140212306038863
15 rs4984518 96758118 0.2478 0.124587460279029
15 rs4984519 96758142 0.2866 0.140212306038863
15 rs4984520 96758250 0.3355 0.24559710032301
15 rs4984521 96758391 0.2956 0.234713634878491
15 rs7167152 96758441 0.3727 0.546237725861993
15 rs7171335 96758498 0.3727 0.546237725861993
15 rs28676287 96758636 0.2939 0.113666094983189
15 rs2438138 96758998 0.08902 0.0214290262017424
15 rs79823179 96759206 0.3727 0.546237725861993
15 rs79147843 96759401 0.3727 0.546237725861993
15 rs74492286 96759503 0.3727 0.546237725861993
15 rs76595130 96759636 0.3727 0.546237725861993
15 rs76473376 96759670 0.3727 0.546237725861993
15 rs4984427 96759739 0.3275 0.127118637871404
15 rs4984522 96759935 0.3078 0.212226730651169
15 15:96759951 96759951 0.3209 0.119653538357149
15 rs4984524 96760117 0.1445 0.0396699229545905
15 rs11638277 96760138 0.1445 0.0396699229545905
15 rs12323940 96760562 0.1498 0.0425278916037359
15 rs7183942 96760604 0.3185 0.113666766934129
15 rs7162534 96761004 0.2021 0.0629112670259333
15 rs2576996 96761899 0.0179 0.0580200115868468
15 rs1437581 96762158 0.09813 0.188906633031257
15 rs2589227 96762295 0.4276 0.450310607170922
15 rs4984525 96762375 0.3577 0.173922490336438
15 rs4984526 96762385 0.3152 0.155203943000012
15 rs2589226 96762491 0.1136 0.0364380372043303
15 rs2576997 96762517 0.1136 0.0364380372043303
15 rs2589225 96762670 0.1186 0.263883730219674
15 rs1866093 96764285 0.1136 0.0364380372043303
15 rs1866094 96764333 0.1319 0.263395770305016
15 rs725064 96764784 0.3848 0.163302449851785
15 15:96764897 96764897 0.1046 0.0258179429568461
15 rs2246620 96765989 0.07369 0.0214318321900603
15 rs2576998 96766207 0.06898 0.0208642213667261
15 rs2246754 96767312 0.4048 0.561137424607963
15 rs1992142 96767607 0.1341 0.0275777252317763
15 rs2246769 96767651 0.4048 0.561137424607963
15 rs2440684 96768732 0.1495 0.0328012324946344
15 rs2589223 96769005 0.1429 0.030184342062321
15 rs75515554 96769610 0.3475 0.610519137914995
15 rs11630221 96770114 0.769 0.375966297799571
15 rs11631414 96770532 0.788 0.411051776421822
15 rs2577024 96771788 0.3193 0.397469507578316
15 rs1370442 96772587 0.8036 0.358758129751219
15 rs2250188 96772717 0.789 0.358758129751219
15 rs13329447 96773548 0.5934 0.286268152710026
15 15:96773679 96773679 0.3171 0.515431443411889
15 rs2589222 96773972 0.8855 0.390575728684703
15 rs62008644 96774668 0.6238 0.31466728830334
15 rs62008645 96774815 0.6238 0.31466728830334
15 rs62008659 96774910 0.6238 0.31466728830334
15 rs28570666 96774943 0.6238 0.31466728830334
15 rs2589221 96775386 0.8745 0.495091782694508
15 rs7167270 96775558 0.6662 0.345757656455897
15 rs7167264 96775588 0.6662 0.345757656455897
15 rs7167466 96775668 0.6662 0.345757656455897
15 rs7167991 96775885 0.5433 0.28626893959338
15 rs1437585 96775994 0.8935 0.45558784532861
15 rs1437584 96776315 0.8374 0.460341688223183
15 rs7168639 96776352 0.5636 0.300243976340429
15 rs7174863 96776487 0.5636 0.300243976340429
15 rs7173539 96776530 0.596 0.54636141050109
15 rs7173769 96776655 0.4715 0.462015377716982
15 rs1437583 96776696 0.8717 0.45995052447491
15 rs7175866 96777016 0.4618 0.441416944527195
15 rs2589220 96777153 0.8776 0.496979069513541
15 rs2577021 96777836 0.8569 0.496228039502345
15 rs2577020 96777927 0.2018 0.176899404643841
15 rs2577019 96777977 0.8437 0.496227300416933
15 rs11638773 96778229 0.8835 0.534047919092427
15 rs28637708 96778958 0.4381 0.402770313566672
15 rs56226839 96779051 0.4381 0.402770313566672
15 rs2438136 96779073 0.1964 0.182004950521765
15 rs28367291 96779144 0.2961 0.294365776751918
15 rs2438135 96779297 0.1834 0.0619143608358409
15 rs2577018 96779811 0.1693 0.0582495040179772
15 rs2589219 96779915 0.2007 0.141520696571163
15 rs2577017 96780567 0.1847 0.176899404643839
15 rs2577016 96781064 0.1863 0.118165342684142
15 rs2577015 96781088 0.1626 0.137954555705268
15 rs2577014 96781128 0.1504 0.106866277200012
15 rs2438134 96781296 0.6992 0.381052516138033
15 rs56944639 96781665 0.3897 0.337191394318701
15 rs59625424 96781676 0.3897 0.337191394318701
15 rs57280614 96781717 0.4024 0.263726845113985
15 rs60035478 96781859 0.5356 0.513406575561273
15 rs80211349 96782404 0.3572 0.690059315962103
15 rs1964412 96782483 0.5743 0.606120837198865
15 15:96783220 96783220 0.5346 0.560379831171223
15 rs11632350 96783549 0.6395 0.701942221204882
15 rs11637078 96783606 0.5346 0.560379831171223
15 rs28408159 96783752 0.5297 0.633132378863823
15 rs11073471 96784101 0.562 0.656845894485293
15 rs12050815 96784470 0.6107 0.606982834929486
15 rs12050564 96784748 0.6107 0.606982834929486
15 rs4984428 96784964 0.8941 0.868759124014421
15 rs2589218 96785017 0.3131 0.147376794938979
15 rs8036131 96785496 0.8492 0.836642862634545
15 rs2589257 96785532 0.04594 0.0364027112854204
15 15:96785719 96785719 0.8492 0.836642862634545
15 rs2589256 96787019 0.16 0.0742662308861106
15 rs2577013 96787020 0.16 0.0742662308861106
15 rs28698818 96787620 0.8968 0.80055166629082
15 rs2243691 96787761 0.8612 0.776082134527464
15 rs2589255 96787864 0.9419 0.798755325984044
15 rs2577011 96787942 0.9902 0.887179032078679
15 rs11856264 96788022 0.6667 0.783540911042414
15 rs11636833 96789180 0.8113 0.755676129576814
15 rs116893052 96789952 0.4485 0.776448945085459
15 rs7180368 96790294 0.7791 0.698628100456033
15 rs2589254 96790409 0.1634 0.0806044192863196
15 rs2589253 96791002 0.1943 0.0914866789447844
15 rs2244139 96791858 0.1673 0.0946115531741771
15 rs12594453 96792325 0.8455 0.894319635539479
15 rs78697672 96792349 0.4218 0.776448945085459
15 rs2244161 96792581 0.06629 0.0627925716890141
15 rs2083081 96792640 0.2696 0.147880013139356
15 rs78175357 96792952 0.4485 0.776448945085459
15 rs2244264 96793529 0.0592 0.0625347733862662
15 rs2244386 96794393 0.6986 0.568245722448899
15 rs2589252 96794637 0.01634 0.0140015306472159
15 rs2895041 96794902 0.6116 0.955280491024925
15 rs11633147 96795081 0.6328 0.699624004514492
15 rs11633238 96795359 0.8311 0.789687284929256
15 rs2438133 96795368 0.2571 0.104098834555504
15 rs73469250 96795546 0.6116 0.955280491024925
15 rs2440686 96796065 0.2571 0.104098834555504
15 rs2589251 96796208 0.3605 0.207697606730083
15 rs2577002 96796260 0.9428 0.569186461203414
15 rs2589250 96796760 0.9428 0.569186461203414
15 rs1866095 96796947 0.8686 0.948745771770002
15 rs1866096 96797106 0.9726 0.908225340589055
15 rs2589249 96797367 0.9936 0.863167990781616
15 rs2589248 96797447 0.9936 0.863167990781616
15 rs1964411 96797697 0.9873 0.863167990781616
15 rs62011495 96798552 0.9506 0.929841299474456
15 rs2589247 96798908 0.732 0.427416033819873
15 rs56683485 96798950 0.7293 0.948532989010392
15 rs11634671 96799514 0.9288 0.893274397931206
15 rs10047973 96799785 0.5338 0.909562518749237
15 rs2577003 96800690 0.8528 0.977234260794111
15 rs2577004 96801159 0.2523 0.105050242162014
15 rs1437582 96801362 0.7532 0.427786708843408
15 rs1837083 96801493 0.7266 0.411107669955955
15 rs2577005 96802034 0.7352 0.427787668902112
15 rs2589246 96802124 0.7968 0.481007809920244
15 rs2577006 96802436 0.818 0.498034433506004
15 rs1542012 96802769 0.721 0.430363539811974
15 rs2589245 96803168 0.2072 0.0762737083458858
15 rs2589244 96803229 0.1957 0.0709636355183298
15 rs2577007 96803260 0.7921 0.460423428882162
15 rs2589243 96803454 0.697 0.349676222490804
15 rs2577008 96803480 0.4923 0.246132008215772
15 rs8028016 96805642 0.358 0.211722228501057
15 rs11073472 96806278 0.3942 0.807262212900055
15 rs4984530 96806416 0.09831 0.314215199773726
15 rs11857420 96806647 0.4691 0.775361355062225
15 rs2577010 96806803 0.06059 0.16394409524223
15 15:96809782 96809782 0.07716 0.167316012794663
15 rs2589237 96811563 0.0998 0.175966073958206
15 rs12438472 96815422 0.8729 0.808371236581501
15 rs7175999 96815607 0.8085 0.618368345525337
15 rs11632637 96816026 0.7643 0.852964656742001
15 rs7180721 96816581 0.4413 0.894729356758475
15 rs7182413 96817467 0.901 0.808371413316906
15 rs72751243 96820190 0.6439 0.79552299697792
15 rs55794960 96820597 0.506 0.771539993410465
15 rs72751245 96821076 0.9763 0.821413332685971
15 rs7168310 96821968 0.227 0.257450549326499
15 rs7169283 96822201 0.2384 0.269140918673705
15 rs72751246 96823037 0.4808 0.669294780811499
15 rs8035571 96823216 0.8807 0.840301566627307
15 rs12910365 96823351 0.2474 0.317362499030529
15 rs66584379 96823495 0.7593 0.698352176245252
15 rs72751249 96826163 0.498 0.697503125330026
15 rs111457515 96826702 0.6224 0.800204180980524
15 rs8028928 96827030 0.4043 0.962730939131351
15 rs56057546 96828106 0.5659 0.830568683539565
15 rs8033891 96828186 0.1597 0.381867316177092
15 15:96830550 96830550 0.6881 1
15 rs8030202 96830879 0.8992 0.672109434940375
15 rs8040849 96832558 0.622 0.913683592646512
15 rs74699145 96834966 0.9227 0.737471532834017
15 rs11073473 96835281 0.4099 0.932753273699877
15 rs2895044 96835725 0.406 0.677884329760609
15 rs8026300 96837015 0.3076 0.776783564821038
15 rs12906150 96837776 0.6193 0.72121503344624
15 rs34547866 96838558 0.6193 0.72121503344624
15 rs4247090 96838705 0.4893 0.866920029130883
15 rs11073474 96839069 0.9594 0.770169575844526
15 rs4984430 96840185 0.9696 0.740322617545751
15 rs4984431 96840583 0.9696 0.740322617545751
15 rs7173576 96841524 0.9876 0.8346916839362
15 rs12909528 96842240 0.3222 0.57650560206424
15 rs11638506 96842516 0.5281 0.929750534741995
15 rs11073475 96842773 0.5336 0.86237871511768
15 rs11073476 96842831 0.5161 0.839466874045833
15 rs67631716 96843118 0.9696 0.740322617545751
15 rs6496165 96844005 0.3649 0.616026581775336
15 rs4984533 96844084 0.6232 0.907065402497868
15 rs7181753 96844727 0.9572 0.704865175435238
15 rs4984534 96845101 0.8025 0.537408187556836
15 rs4984535 96845215 0.9778 0.740881609976133
15 rs7166476 96845935 0.9015 0.67073458832357
15 rs118006165 96846393 0.4097 0.446460651516951
15 rs55684513 96846638 0.9902 0.801583089068766
15 rs34268001 96846777 0.5594 0.662757107790596
15 rs11636956 96847002 0.4871 0.90690740499136
15 rs55861329 96847436 0.4211 0.823877530123254
15 rs7178074 96847503 0.5751 0.780363670099415
15 rs6496166 96848234 0.6871 0.976616947706931
15 rs11852405 96849010 0.9449 0.887805337222981
15 rs55810078 96850534 0.6449 0.631568458550532
15 rs4984536 96851106 0.5708 0.386800026744708
15 rs4984432 96851150 0.3454 0.441198552462624
15 rs57751619 96852386 0.4364 0.312770401173977
15 rs55958435 96852638 0.5029 0.510838552570042
15 rs61037031 96852799 0.4364 0.312770401173977
15 rs4349099 96853012 0.976 0.977399253677579
15 rs4984433 96854290 0.8013 0.524678788027534
15 rs12594909 96856201 0.8477 0.676476939933865
15 rs12440642 96857621 0.7742 0.658285176366326
15 rs4310804 96858409 0.2892 0.358389976596031
15 rs55712637 96859402 0.9414 0.65412687141796
15 rs2895054 96859412 0.8834 0.555434231560197
15 rs72751281 96862284 0.8509 0.497292881676145
15 rs11631953 96862761 0.3112 0.423872109679037
15 rs2398180 96863169 0.8394 0.370158222767778
15 rs4984434 96863922 0.8544 0.642494753172387
15 rs68071696 96864081 0.8838 0.62283895385347
15 rs67688448 96864088 0.9322 0.49904943938516
15 rs60662886 96864469 0.9163 0.500783331386449
15 rs3743466 96865270 0.3172 0.298708043278518
15 rs3743464 96865507 0.1227 0.335779815971533
15 rs4335732 96866320 0.6301 0.234967259112212
15 rs12591379 96866660 0.78 0.450686929954179
15 rs4984537 96867316 0.7736 0.919264769884321
15 rs3743462 96870817 0.2922 0.196854779767934
15 rs3809557 96873212 0.2504 0.472227118718247
15 rs7173047 96876611 0.7739 0.8191155692411
15 rs1574570 96878099 0.7557 0.7085796223186
15 rs2005636 96878234 0.7557 0.7085796223186
15 rs1807198 96878294 0.484 0.537040498909465
15 rs2001191 96878349 0.7557 0.7085796223186
15 rs2001192 96878437 0.7566 0.673470502846904
15 rs11045 96883321 0.3714 0.449544178971936
15 rs11636808 96884246 0.4522 0.645300759897947
15 rs3743460 96884712 0.3095 0.671918585302693
15 rs1962171 96885016 0.4697 0.858455808796013
15 rs4384562 96885253 0.982 0.559917879567901
15 rs11073477 96885638 0.7923 0.831801784714242
15 rs7179522 96886928 0.4725 0.805252799231696
15 rs12914702 96887277 0.4352 0.797471246493866
15 rs10775235 96890202 0.661 0.752142557904869
15 rs4131697 96890714 0.2789 0.25998085984112
15 rs12443395 96891105 0.1469 0.459638252346881
15 rs76424481 96891892 0.02148 0.0225212092095579
15 rs34005657 96892613 0.01397 0.05615953214494
15 rs113228051 96895411 0.02803 0.0722755944049844
15 rs12594634 96898006 0.2284 0.423113232746975
15 rs12907625 96898166 0.3013 0.580662175895487
15 rs72751292 96898502 0.2298 0.558055902092681
15 rs28497744 96899034 0.4518 0.962062910307295
15 rs745136 96899827 0.2995 0.954852868917184
15 rs2398223 96900506 0.7894 0.780363817898047
15 rs7166906 96900593 0.5564 0.651685660306609
15 rs4398080 96900703 0.3745 0.999999999999998
15 rs1437770 96902448 0.5035 0.85198422577957
15 rs10431830 96903454 0.2568 0.631099519943149
15 rs1437769 96904611 0.8749 0.767483174767483
15 rs74032826 96906029 0.712 1
15 rs2398225 96906125 0.885 0.720920325432115
15 rs12439084 96907398 0.1129 0.571665525496736
15 rs12442620 96907613 0.1436 0.372357385160011
15 rs12442624 96907666 0.09862 0.514834874429378
15 rs56235617 96907709 0.5844 0.89853524398717
15 rs12442674 96907819 0.08963 0.394048163978806
15 rs62009263 96908252 0.6301 0.897281852260189
15 rs4984539 96908307 0.6804 0.722878433844412
15 rs4984540 96908311 0.6776 0.8400910273156
15 rs58209041 96909839 0.7305 0.797363060629033
15 rs72751302 96910355 0.5519 0.424251048770069
15 rs8031676 96910440 0.8825 0.977525130775463
15 rs4984541 96911139 0.4464 0.56344087696375
15 rs8042517 96912121 0.6847 0.552601356851792
15 rs28655818 96912217 0.07159 0.14267738634741
15 rs28633612 96912269 0.08901 0.144173975349783
15 rs1898531 96912327 0.5795 0.461503345946152
15 rs2043764 96913127 0.3733 0.306490253272338
15 rs1437757 96913436 0.02629 0.0560739925251177
15 rs12906222 96913719 0.5498 0.421772835328586
15 rs1437756 96913723 0.7983 0.88859552292954
15 rs12906364 96913773 0.4947 0.362913731858046
15 rs12441896 96914181 0.2496 0.299136536585729
15 rs11073478 96914575 0.6381 0.510664844650031
15 rs12148157 96914950 0.5843 0.456406515995088
15 rs7167626 96915170 0.5771 0.437396272293902
15 rs55672708 96915279 0.87 0.882503920886623
15 rs11634785 96917799 0.8831 0.399314179031942
15 rs79924323 96917987 0.2506 0.351107607338624
15 rs11073479 96918296 0.8326 0.354652886304061
15 rs28411840 96918584 0.3766 0.752237570104688
15 15:96918863 96918863 0.3344 0.688577590355119
15 rs62009289 96918931 0.3525 0.451941064642802
15 rs67992319 96920053 0.3995 0.59160689970653
15 rs4407031 96920804 0.8415 0.3137971246222
15 rs12595650 96920948 0.9291 0.355786337674106
15 rs12901554 96921606 0.4655 0.252440125303658
15 rs12902188 96922087 0.8352 0.300935961144782
15 rs62009290 96922617 0.4395 0.529029677411788
15 rs1966699 96922783 0.3837 0.818988853282274
15 rs113019090 96923145 0.1281 0.0369682338806386
15 rs11073481 96923402 0.8262 0.300935961144782
15 rs75689113 96923618 0.8504 0.3137971246222
15 rs10852046 96923676 0.5031 0.268717910246589
15 rs11633311 96923947 0.3448 0.536245463334644
15 rs11638796 96924306 0.8975 0.341034116671097
15 rs62009291 96925048 0.6109 0.665507390438706
15 rs11073482 96925377 0.8504 0.3137971246222
15 15:96925909 96925909 0.5264 0.282137996971068
15 rs2398233 96926356 0.516 0.775363059174312
15 rs9630448 96926395 0.4249 0.863943790273161
15 rs9630449 96926473 0.4249 0.863943790273161
15 rs1898530 96926704 0.8639 0.327414979062152
15 rs28571592 96926833 0.4213 0.818697017321617
15 rs11630173 96927001 0.465 0.739762659885413
15 rs1437754 96927346 0.465 0.739762659885413
15 rs62009293 96927478 0.3432 0.458894312953019
15 rs12905837 96927919 0.4891 0.812855934815222
15 rs1437753 96928114 0.1156 0.0264138535953704
15 rs35486150 96928338 0.1129 0.0264138535953704
15 rs12912100 96928552 0.08124 0.0189162482863972
15 rs62009294 96929285 0.5839 0.672182740892756
15 rs12912285 96929429 0.5839 0.672182740892756
15 rs12916853 96929667 0.5839 0.672182740892756
15 rs28418492 96930049 0.5683 0.887290290570828
15 rs2398230 96930056 0.5839 0.672182740892756
15 rs78136868 96930254 0.3201 0.458894312953018
15 rs934781 96931193 0.3293 0.300245843146027
15 rs62009295 96931307 0.444 0.535413847722827
15 rs1837119 96931594 0.6066 0.443447910157435
15 rs7496591 96931976 0.5689 0.390556987892085
15 rs2008780 96932216 0.1521 0.0286694512204342
15 rs10852049 96932447 0.7519 0.841674911359391
15 rs62009296 96932523 0.4305 0.535413847722827
15 rs62009297 96932959 0.4305 0.535413847722827
15 rs7180519 96933235 0.4381 0.306983208482887
15 rs62009298 96933322 0.3578 0.387681017477091
15 rs55897240 96933582 0.5683 0.887290290570828
15 rs12594623 96934745 0.5638 0.812855934815222
15 rs8034687 96935049 0.2299 0.214395390804738
15 rs1982169 96935468 0.2204 0.196690888790034
15 rs1982168 96935592 0.2299 0.214395390804738
15 rs76153636 96936717 0.3699 0.387681017477091
15 rs66528351 96937445 0.6633 0.852373915901598
15 rs4984543 96938307 0.6811 0.852057122823222
15 rs34056757 96938396 0.9177 0.904091729309011
15 rs34771737 96938497 0.9177 0.904091729309011
15 rs35806205 96938499 0.9177 0.904091729309011
15 rs79043946 96938656 0.4965 0.622239782140283
15 rs1437751 96939145 0.9177 0.904091729309011
15 rs1437750 96939159 0.9177 0.904091729309011
15 rs7181042 96939473 0.7763 0.23482009099989
15 rs1437749 96939597 0.7933 0.234446040190031
15 rs7181829 96939912 0.7933 0.865243544448197
15 rs62009318 96940060 0.289 0.374647901860154
15 rs7182314 96940083 0.7933 0.865243544448197
15 rs62009319 96940168 0.2828 0.405840727486488
15 rs77910673 96940571 0.2352 0.312409192985822
15 rs12438079 96940622 0.7781 0.223880111256228
15 rs28380388 96941567 0.8234 0.776958316253153
15 rs28507233 96941991 0.9926 0.629576691064216
15 rs11073483 96942525 0.3493 0.464213302161557
15 rs7177938 96942552 0.3466 0.519127716820087
15 rs72753231 96943168 0.9279 0.708399506754639
15 rs12899702 96943740 0.2644 0.220625558716652
15 rs1437772 96944147 0.5059 0.309478062142881
15 rs1004007 96944401 0.5925 0.335262949475359
15 rs56304894 96944760 0.8372 0.794851884814692
15 rs7180365 96945057 0.5945 0.358828529854948
15 rs8032343 96946875 0.3812 0.212734819730926
15 15:96947205 96947205 0.7802 0.473724948491491
15 rs1437767 96948235 0.7184 0.456032343189697
15 rs1437768 96948362 0.798 0.458190066971692
15 rs12916465 96948579 0.7993 0.477121787208321
15 rs4984545 96949057 0.7256 0.422068298246148
15 rs2028197 96950072 0.3857 0.349194382246436
15 rs4350537 96952065 0.5767 0.768483569265366
15 rs8025140 96952908 0.4163 0.423821965918848
15 rs1370551 96953595 0.1379 0.369433911014971
15 rs7170620 96954092 0.7001 0.744814129292566
15 rs12900624 96954715 0.8034 0.710084560086427
15 rs8026547 96954929 0.3343 0.260467585357064
15 rs8026716 96954995 0.3343 0.260467585357064
15 rs12438687 96955776 0.9191 0.907767842944929
15 15:96956516 96956516 0.5046 0.551454385795855
15 rs11633033 96956573 0.8509 0.715026674979468
15 rs35625885 96957969 0.8898 0.953650241410823
15 rs7174156 96959855 0.05735 0.114598230458673
15 rs7174505 96959991 0.1565 0.0670414064105855
15 15:96960296 96960296 0.1771 0.0893679519892694
15 rs12442989 96960514 0.9507 0.955558799515947
15 rs7164692 96961740 0.5055 0.572666420271652
15 rs62009324 96964299 0.3023 0.417038382751627
15 rs56938914 96965827 0.2854 0.396127087476153
15 rs11631027 96967788 0.289 0.413200854081351
15 rs11854155 96968529 0.3132 0.4478644347292
15 rs11854261 96968764 0.2809 0.419414385669709
15 rs12592567 96969134 0.2895 0.503709808965184
15 rs62009326 96970105 0.5629 0.766179588163076
15 rs11630574 96970768 0.486 0.584861696853538
15 rs12593910 96970958 0.203 0.167318989424195
15 rs11073487 96971630 0.8528 0.892739624110354
15 rs11073488 96971686 0.8528 0.892739624110354
15 rs10162920 96971917 0.4937 0.584861696853538
15 rs62009327 96972788 0.4906 0.702735083256267
15 rs4984546 96972974 0.486 0.584861696853538
15 rs11629868 96974356 0.4732 0.557027985382175
15 rs2118405 96975868 0.9878 0.538506323441249
15 rs28638458 96977643 0.4405 0.530670212173579
15 rs7176150 96977763 0.5295 0.733969404345073
15 rs9806552 96978121 0.6091 0.309432732183005
15 rs9806750 96978884 0.4757 0.4797903318012
15 rs1015723 96981322 0.8449 0.747620603751097
15 rs12914147 96981538 0.197 0.235693121620719
15 rs8024494 96982624 0.3809 0.973555246876962
15 rs80149105 96983333 0.2315 0.164264754272085
15 rs11856664 96983509 0.9038 0.950358053784635
15 rs4984437 96984843 0.8404 0.691295682486113
15 rs34176157 96985552 0.5658 0.662273331903815
15 rs62009328 96985749 0.9506 0.890174434005592
15 rs62009329 96985831 0.9539 0.963287427181074
15 rs76360980 96986009 0.793 0.819486835500579
15 rs72753248 96987285 0.9876 0.874023052782849
15 rs62009330 96987709 0.9644 0.873319397837327
15 rs8029487 96988604 0.3711 0.920608166233039
15 rs8029518 96988657 0.7108 0.803531226300107
15 rs1837120 96991525 0.7861 0.683921838437356
15 rs72753252 96992555 0.7349 0.797583298881366
15 rs8031375 96992824 0.8301 0.822371848834463
15 rs8031224 96992825 0.838 0.719471087778032
15 rs8031577 96992995 0.7614 0.837846814792126
15 rs8032100 96993266 0.8859 0.753788558212685
15 rs60248659 96993763 0.9302 0.856606354880129
15 rs28594909 96993972 0.8704 0.788460976998874
15 rs62011367 96995024 0.7876 0.837846814792126
15 rs56172947 96995065 0.7876 0.837846814792126
15 rs56185934 96995093 0.7876 0.837846814792126
15 rs8033857 96995425 0.1885 0.216887143280085
15 rs12102162 96996042 0.6284 0.852266197605335
15 rs68162216 96996441 0.189 0.234332973812038
15 rs1036527 96996902 0.7876 0.837846814792126
15 rs1437773 96997098 0.1429 0.140364256120906
15 15:96997627 96997627 0.3759 0.593078933236586
15 rs11631327 96998316 0.1342 0.260308789505948
15 rs8030380 96998321 0.4518 0.734759381596142
15 rs11073491 96998539 0.5451 0.901850343047985
15 rs55818345 96998811 0.7979 0.719470755071789
15 rs4984438 96999389 0.3243 0.483098824892565
15 rs4984439 96999396 0.5245 0.926375687108529
15 rs1370556 97000497 0.4466 0.710895709703964
15 rs8026655 97000937 0.3949 0.975333655270938
15 rs12441044 97001181 0.4613 0.926235984522433
15 rs72753260 97001436 0.7056 0.682359514522693
15 rs1946793 97001745 0.4606 0.734759381596142
15 rs1946794 97001747 0.7056 0.682359514522693
15 rs1946795 97002116 0.4554 0.710895709703964
15 15:97002238 97002238 0.7249 0.720963902270741
15 rs4984548 97002600 0.4121 0.688588017337161
15 rs11637980 97002653 0.2204 0.329467678508757
15 rs9989328 97003020 0.555 0.806264672497466
15 rs9989329 97003176 0.4206 0.711421102906772
15 rs9989335 97003469 0.409 0.647199300777603
15 rs11852334 97003989 0.2403 0.522151574592758
15 rs11852379 97004062 0.4033 0.667810426118797
15 rs10048050 97004933 0.3965 0.668395758657291
15 rs10852050 97005192 0.4903 0.737383236357401
15 rs1437759 97005806 0.4428 0.692711287922038
15 rs1437760 97006323 0.4829 0.714005508631383
15 rs72633216 97006360 0.1847 0.288444603849693
15 rs11856825 97006641 0.4506 0.735722355997146
15 rs7170093 97006948 0.4381 0.975427414468131
15 rs79862886 97009386 0.2465 0.198912602999422
15 rs1036531 97009903 0.3477 0.451832817414456
15 15:97010136 97010136 0.6633 0.599330712826729
15 rs1437761 97010698 0.6304 0.503089688650584
15 rs1437763 97010956 0.7092 0.553352496643794
15 rs12908495 97011280 0.8237 0.712879047628515
15 rs7181546 97012380 0.6058 0.636283545336358
15 rs12440574 97012598 0.2296 0.344187116765178
15 rs6416532 97015993 0.8449 0.802596334180698
15 rs60849453 97016745 0.1177 0.158054005095856
15 rs934782 97016950 0.9536 0.927714097898323
15 rs9673104 97017737 0.2946 0.479726229493855
15 rs7161809 97018272 0.1177 0.158054005095856
15 rs7168357 97018475 0.06321 0.052910195764921
15 rs28698298 97018659 0.1197 0.247873446011817
15 rs113154706 97018733 0.4696 0.481026186795655
15 rs35765088 97019155 0.1116 0.232007637159337
15 rs7169655 97019204 0.07794 0.19993112732212
15 rs12914604 97021067 0.1073 0.247873446011817
15 rs7359293 97024074 0.1116 0.232007637159337
15 rs56715152 97024887 0.06205 0.169720264644293
15 rs12907850 97025391 0.1073 0.247873446011817
15 rs28695318 97026432 0.1073 0.247873446011817
15 rs28432019 97026493 0.1233 0.254398225923121
15 rs28659879 97026786 0.1073 0.247873446011817
15 rs12437541 97027061 0.06205 0.169720264644293
15 rs34224675 97027475 0.06103 0.0482134725582153
15 rs9920280 97027767 0.1073 0.247873446011817
15 rs4530093 97027943 0.5296 0.977489380864633
15 rs28495996 97028171 0.1073 0.247873446011817
15 rs11073493 97029757 0.5386 0.931887657586781
15 rs78567891 97030208 0.2946 0.479726229493855
15 rs12916143 97030472 0.1001 0.247873446011817
15 rs2028200 97030852 0.05736 0.169720264644293
15 rs12438146 97031142 0.1138 0.247873446011817
15 rs12441721 97031631 0.1171 0.308413197313727
15 rs8032562 97032068 0.8141 0.97542741463083
15 rs8033962 97032132 0.8016 1
15 rs8037670 97032560 0.539 0.612698931821259
15 rs4984440 97033129 0.7275 0.952430506816054
15 rs8038559 97033341 0.4411 0.518098547227614
15 rs10468116 97033630 0.691 0.976225774610877
15 rs10468117 97033655 0.4685 0.536770548149024
15 rs113395369 97034317 0.42 0.635924626479912
15 rs4580121 97034834 0.8162 0.911049012123025
15 rs11856745 97035047 0.7403 0.522335311143622
15 rs11856747 97035132 0.6431 0.74138331041463
15 rs28638252 97035665 0.9905 0.565704571223833
15 rs79009730 97035849 0.2814 0.668735873735591
15 rs8035466 97035868 0.9472 0.548414055437948
15 rs8037252 97036086 0.5467 0.71740688389562
15 rs8037286 97036152 0.5305 0.696488001013017
15 rs11858648 97036982 0.5776 0.718241652106107
15 rs12593432 97037242 0.5521 0.656255658450965
15 rs12595696 97037467 0.5521 0.656255658450965
15 rs11852925 97037961 0.8623 0.475342325265432
15 rs11853984 97039418 0.3087 0.490501484143769
15 rs11854654 97039566 0.7817 0.441516990827767
15 rs11858254 97039750 0.2997 0.490501484143769
15 rs11858294 97039847 0.2677 0.422429956773077
15 rs8043377 97040529 0.3158 0.582045349758173
15 rs8024052 97040940 0.7319 0.454546869141756
15 rs8025588 97041276 0.2913 0.471976055414299
15 rs4984549 97041535 0.2998 0.580609019057425
15 rs4984550 97042139 0.829 0.510661967649014
15 rs4984551 97042357 0.4028 0.67835008111132
